0 0
1 0
2 0
3 0
4 0
5 0
6 0
7 0
8 0
9 0.00363636
10 0.00363636
11 0.00363636
12 0.00363636
13 0.00363636
14 0.00363636
15 0.010303
16 0.010303
17 0.010303
18 0.010303
19 0.010303
20 0.010303
21 0.010303
22 0.010303
23 0.010303
24 0.0175758
25 0.0175758
26 0.0175758
27 0.0175758
28 0.0175758
29 0.0175758
30 0.0175758
31 0.0230303
32 0.0230303
33 0.0230303
34 0.0230303
35 0.0230303
36 0.0230303
37 0.0280303
38 0.0330303
39 0.040303
40 0.040303
41 0.040303
42 0.040303
43 0.040303
44 0.040303
45 0.040303
46 0.040303
47 0.040303
48 0.050303
49 0.050303
50 0.0575758
51 0.0575758
52 0.0575758
53 0.0575758
54 0.0575758
55 0.0575758
56 0.0575758
57 0.0575758
58 0.0575758
59 0.0539394
60 0.0539394
61 0.0539394
62 0.0539394
63 0.0575758
64 0.0575758
65 0.0509091
66 0.0509091
67 0.0589091
68 0.0689091
69 0.0729091
70 0.0729091
71 0.0729091
72 0.0729091
73 0.0783636
74 0.0710909
75 0.0710909
76 0.0765455
77 0.0765455
78 0.0765455
79 0.082
80 0.082
81 0.082
82 0.082
83 0.0892727
84 0.0892727
85 0.0892727
86 0.0892727
87 0.0942727
88 0.0929091
89 0.0856364
90 0.0856364
91 0.0947273
92 0.100182
93 0.100182
94 0.100182
95 0.110182
96 0.110182
97 0.110182
98 0.100182
99 0.100182
100 0.0979091
101 0.0979091
102 0.108818
103 0.110636
104 0.110636
105 0.120636
106 0.128636
107 0.138636
108 0.143636
109 0.159636
110 0.17297
111 0.178684
112 0.188096
113 0.193793
114 0.20652
115 0.21852
116 0.227409
117 0.227101
118 0.223768
119 0.224768
120 0.237625
121 0.244292
122 0.257625
123 0.259313
124 0.268202
125 0.274356
126 0.273901
127 0.283901
128 0.29533
129 0.301304
130 0.310535
131 0.308157
132 0.321491
133 0.318218
134 0.333602
135 0.344372
136 0.355038
137 0.350493
138 0.346857
139 0.355092
140 0.365092
141 0.363693
142 0.368239
143 0.375382
144 0.382654
145 0.382654
146 0.394654
147 0.404654
148 0.415563
149 0.423563
150 0.432849
151 0.448849
152 0.446511
153 0.456458
154 0.467046
155 0.462602
156 0.454602
157 0.457935
158 0.464364
159 0.456697
160 0.458364
161 0.458364
162 0.457187
163 0.456425
164 0.448698
165 0.451243
166 0.454662
167 0.451585
168 0.454919
169 0.457419
170 0.454561
171 0.458561
172 0.453228
173 0.454835
174 0.45528
175 0.452459
176 0.458228
177 0.452228
178 0.452228
179 0.449689
180 0.451227
181 0.4569
182 0.453567
183 0.454567
184 0.453029
185 0.450831
186 0.447664
187 0.450543
188 0.454987
189 0.458752
190 0.456444
191 0.45653
192 0.45353
193 0.452387
194 0.456543
195 0.457209
196 0.455209
197 0.452482
198 0.450664
199 0.451755
200 0.448378
201 0.439651
202 0.43858
203 0.436046
204 0.43273
205 0.440508
206 0.452175
207 0.440659
208 0.429231
209 0.429786
210 0.423358
211 0.42831
212 0.429306
213 0.430068
214 0.439068
215 0.427599
216 0.424041
217 0.429426
218 0.428838
219 0.433004
220 0.433531
221 0.433975
222 0.439308
223 0.438251
224 0.436417
225 0.445084
226 0.443315
227 0.447315
228 0.450432
229 0.449778
230 0.445676
231 0.445676
232 0.446787
233 0.452313
234 0.445134
235 0.446036
236 0.447627
237 0.445543
238 0.453099
239 0.450511
240 0.45139
241 0.453612
242 0.456612
243 0.461521
244 0.460862
245 0.460195
246 0.460195
247 0.461158
248 0.461479
249 0.458102
250 0.456424
251 0.457484
252 0.458984
253 0.456003
254 0.457302
255 0.452858
256 0.454524
257 0.461706
258 0.47118
259 0.468124
260 0.471553
261 0.469977
262 0.468928
263 0.469595
264 0.468928
265 0.474185
266 0.475961
267 0.475435
268 0.473166
269 0.476499
270 0.477223
271 0.472266
272 0.472266
273 0.473907
274 0.480253
275 0.476674
276 0.475042
277 0.477568
278 0.473023
279 0.474261
280 0.482595
281 0.479999
282 0.480652
283 0.480895
284 0.4828
285 0.483326
286 0.488521
287 0.49116
288 0.49041
289 0.48869
290 0.490119
291 0.490707
292 0.491818
293 0.493217
294 0.489948
295 0.488129
296 0.48722
297 0.488459
298 0.488278
299 0.48923
300 0.489999
301 0.491666
302 0.490166
303 0.494504
304 0.496521
305 0.497632
306 0.495068
307 0.496656
308 0.496516
309 0.501349
310 0.502683
311 0.49502
312 0.486838
313 0.486838
314 0.482505
315 0.485283
316 0.486007
317 0.4872
318 0.492557
319 0.482557
320 0.483071
321 0.490251
322 0.484537
323 0.486968
324 0.483122
325 0.484225
326 0.488621
327 0.487428
328 0.484928
329 0.48415
330 0.478674
331 0.480941
332 0.48251
333 0.479518
334 0.481716
335 0.481716
336 0.476521
337 0.476723
338 0.474997
339 0.477305
340 0.477305
341 0.476128
342 0.475017
343 0.472709
344 0.474098
345 0.476443
346 0.47878
347 0.47864
348 0.479409
349 0.482743
350 0.481834
351 0.480405
352 0.482429
353 0.481841
354 0.480664
355 0.479553
356 0.476403
357 0.476341
358 0.477008
359 0.474341
360 0.472119
361 0.480164
362 0.490164
363 0.48712
364 0.48687
365 0.48485
366 0.481378
367 0.478711
368 0.477878
369 0.486724
370 0.486209
371 0.480244
372 0.481197
373 0.481197
374 0.481785
375 0.483511
376 0.484246
377 0.485439
378 0.49044
379 0.49227
380 0.490154
381 0.492259
382 0.488926
383 0.489719
384 0.495314
385 0.495314
386 0.497473
387 0.49981
388 0.500287
389 0.499698
390 0.498698
391 0.49881
392 0.499399
393 0.499399
394 0.50551
395 0.50551
396 0.504608
397 0.506703
398 0.505036
399 0.506147
400 0.508821
401 0.509773
402 0.511361
403 0.510452
404 0.509735
405 0.509847
406 0.512816
407 0.513401
408 0.513401
409 0.515927
410 0.519102
411 0.518628
412 0.51804
413 0.522194
414 0.52773
415 0.520306
416 0.512528
417 0.517028
418 0.513933
419 0.50961
420 0.508887
421 0.512106
422 0.514123
423 0.510594
424 0.515006
425 0.515756
426 0.510314
427 0.511038
428 0.508538
429 0.508012
430 0.511193
431 0.512431
432 0.511181
433 0.510943
434 0.50367
435 0.501496
436 0.502011
437 0.502347
438 0.502347
439 0.5047
440 0.504791
441 0.503093
442 0.503616
443 0.50314
444 0.49939
445 0.498864
446 0.497337
447 0.495433
448 0.495988
449 0.494877
450 0.493112
451 0.494838
452 0.493727
453 0.495163
454 0.494159
455 0.495686
456 0.493793
457 0.493208
458 0.492299
459 0.491247
460 0.486485
461 0.488596
462 0.491684
463 0.489906
464 0.486732
465 0.495065
466 0.506176
467 0.500676
468 0.502693
469 0.503169
470 0.502643
471 0.502055
472 0.5048
473 0.507231
474 0.503996
475 0.501996
476 0.505463
477 0.505324
478 0.506436
479 0.505909
480 0.503742
481 0.501451
482 0.502701
483 0.503891
484 0.504801
485 0.506974
486 0.506321
487 0.505082
488 0.508929
489 0.507164
490 0.510573
491 0.514512
492 0.512401
493 0.512877
494 0.511627
495 0.511627
496 0.512627
497 0.513691
498 0.515913
499 0.517342
500 0.516038
501 0.515899
502 0.514232
503 0.514817
504 0.516215
505 0.5168
506 0.517578
507 0.517052
508 0.517052
509 0.516467
510 0.518054
511 0.516467
512 0.513967
513 0.51516
514 0.51516
515 0.515686
516 0.514099
517 0.51821
518 0.521908
519 0.513446
520 0.503446
521 0.504696
522 0.498982
523 0.498842
524 0.496168
525 0.494501
526 0.493975
527 0.491285
528 0.491424
529 0.492476
530 0.493579
531 0.494105
532 0.494632
533 0.493803
534 0.493327
535 0.493327
536 0.49174
537 0.489547
538 0.485225
539 0.482725
540 0.481336
541 0.481571
542 0.484336
543 0.486836
544 0.485927
545 0.48426
546 0.484786
547 0.485309
548 0.485309
549 0.483404
550 0.485235
551 0.485235
552 0.485323
553 0.483735
554 0.484645
555 0.482945
556 0.482562
557 0.483089
558 0.484524
559 0.485159
560 0.483572
561 0.483048
562 0.481619
563 0.479275
564 0.477255
565 0.474728
566 0.476969
567 0.476969
568 0.47335
569 0.480903
570 0.490903
571 0.489126
572 0.492618
573 0.493203
574 0.493636
575 0.494827
576 0.499112
577 0.501279
578 0.500556
579 0.500556
580 0.500556
581 0.501082
582 0.502321
583 0.50539
584 0.504561
585 0.504561
586 0.505564
587 0.507231
588 0.507231
589 0.508822
590 0.507234
591 0.504708
592 0.505443
593 0.503531
594 0.50694
595 0.509718
596 0.508716
597 0.507605
598 0.505584
599 0.505584
600 0.506823
601 0.505236
602 0.509314
603 0.509314
604 0.509841
605 0.510955
606 0.51056
607 0.510034
608 0.507508
609 0.50851
610 0.50732
611 0.507843
612 0.507605
613 0.508514
614 0.50995
615 0.511474
616 0.509709
617 0.508122
618 0.508566
619 0.509475
620 0.508566
621 0.510203
622 0.513378
623 0.503805
624 0.504282
625 0.506522
626 0.500419
627 0.500357
628 0.499354
629 0.497523
630 0.498526
631 0.496
632 0.495663
633 0.49501
634 0.496841
635 0.497367
636 0.497367
637 0.496063
638 0.496063
639 0.498736
640 0.497908
641 0.496768
642 0.494794
643 0.492388
644 0.489888
645 0.490541
646 0.492129
647 0.491652
648 0.492561
649 0.490445
650 0.487771
651 0.488774
652 0.4868
653 0.485972
654 0.485972
655 0.485972
656 0.487865
657 0.487388
658 0.489388
659 0.48945
660 0.490208
661 0.490208
662 0.490208
663 0.491117
664 0.489682
665 0.490158
666 0.490158
667 0.490108
668 0.488087
669 0.486659
670 0.490068
671 0.490068
672 0.486893
673 0.494446
674 0.495696
675 0.492502
676 0.494847
677 0.496085
678 0.497673
679 0.49731
680 0.497895
681 0.50166
682 0.500758
683 0.500173
684 0.500758
685 0.500758
686 0.500758
687 0.503173
688 0.501983
689 0.500744
690 0.502048
691 0.504241
692 0.503189
693 0.503703
694 0.504229
695 0.501988
696 0.502642
697 0.503118
698 0.503644
699 0.507348
700 0.509368
701 0.509368
702 0.508366
703 0.508366
704 0.507313
705 0.506787
706 0.507963
707 0.508439
708 0.50753
709 0.506942
710 0.506184
711 0.507249
712 0.507249
713 0.50836
714 0.507965
715 0.50666
716 0.504353
717 0.50397
718 0.505405
719 0.506358
720 0.503858
721 0.50222
722 0.500633
723 0.499875
724 0.498149
725 0.500104
726 0.502911
727 0.492575
728 0.491464
729 0.493657
730 0.490728
731 0.488963
732 0.486436
733 0.485434
734 0.484849
735 0.482894
736 0.484868
737 0.482757
738 0.484424
739 0.485662
740 0.486188
741 0.485662
742 0.485279
743 0.48711
744 0.483991
745 0.482467
746 0.480702
747 0.477626
748 0.477626
749 0.478279
750 0.477168
751 0.475733
752 0.4753
753 0.474012
754 0.474062
755 0.474062
756 0.471388
757 0.470912
758 0.470912
759 0.470912
760 0.473689
761 0.472625
762 0.473816
763 0.473816
764 0.473816
765 0.474211
766 0.476518
767 0.477428
768 0.475597
769 0.476073
770 0.476073
771 0.476599
772 0.476599
773 0.477357
774 0.480333
775 0.480333
776 0.476091
777 0.484186
778 0.484712
779 0.483186
780 0.485004
781 0.4837
782 0.486226
783 0.484528
784 0.486502
785 0.487931
786 0.484954
787 0.485478
788 0.485478
789 0.483714
790 0.482711
791 0.482711
792 0.482711
793 0.482711
794 0.48583
795 0.488941
796 0.488941
797 0.490351
798 0.489349
799 0.487584
800 0.490084
801 0.490517
802 0.491952
803 0.495071
804 0.494638
805 0.493638
806 0.495659
807 0.495659
808 0.496568
809 0.495263
810 0.494679
811 0.494679
812 0.493488
813 0.492377
814 0.491374
815 0.492283
816 0.490978
817 0.492089
818 0.492485
819 0.490818
820 0.48851
821 0.487601
822 0.487168
823 0.486773
824 0.484799
825 0.483797
826 0.48423
827 0.48423
828 0.482399
829 0.48451
830 0.487844
831 0.480576
832 0.47005
833 0.473335
834 0.469531
835 0.469531
836 0.468189
837 0.468139
838 0.46925
839 0.46825
840 0.471226
841 0.471226
842 0.471659
843 0.471659
844 0.470656
845 0.468241
846 0.466937
847 0.469714
848 0.468191
849 0.466524
850 0.463115
851 0.460864
852 0.460926
853 0.460399
854 0.461308
855 0.461832
856 0.461247
857 0.459724
858 0.459247
859 0.461078
860 0.460076
861 0.459247
862 0.46144
863 0.460531
864 0.462839
865 0.462363
866 0.462758
867 0.462173
868 0.462606
869 0.463364
870 0.463671
871 0.462273
872 0.461878
873 0.462273
874 0.461747
875 0.461747
876 0.461314
877 0.460485
878 0.46429
879 0.461874
880 0.457632
881 0.466203
882 0.476203
883 0.473664
884 0.474968
885 0.473301
886 0.47412
887 0.472146
888 0.472799
889 0.473799
890 0.470823
891 0.469914
892 0.469914
893 0.468479
894 0.468479
895 0.467783
896 0.467783
897 0.466196
898 0.468196
899 0.470389
900 0.470822
901 0.472245
902 0.46999
903 0.46999
904 0.470516
905 0.469564
906 0.470149
907 0.472675
908 0.473677
909 0.472242
910 0.472242
911 0.47188
912 0.469687
913 0.469167
914 0.469693
915 0.469693
916 0.469298
917 0.468296
918 0.466772
919 0.467681
920 0.467088
921 0.469922
922 0.470318
923 0.470318
924 0.46746
925 0.467028
926 0.467028
927 0.467028
928 0.464051
929 0.464447
930 0.466467
931 0.465991
932 0.465082
933 0.467621
934 0.470955
935 0.464288
936 0.455288
937 0.458899
938 0.454334
939 0.453858
940 0.45303
941 0.453463
942 0.454465
943 0.453556
944 0.457366
945 0.458061
946 0.458839
947 0.459842
948 0.460368
949 0.457842
950 0.456651
951 0.457956
952 0.457622
953 0.455315
954 0.453484
955 0.451
956 0.451
957 0.449997
958 0.449471
959 0.449076
960 0.448643
961 0.448002
962 0.449192
963 0.450144
964 0.448709
965 0.447185
966 0.447581
967 0.447581
968 0.450692
969 0.449783
970 0.450557
971 0.450031
972 0.450031
973 0.450464
974 0.451654
975 0.450563
976 0.450168
977 0.450996
978 0.451472
979 0.451077
980 0.449057
981 0.447359
982 0.449379
983 0.446601
984 0.443794
985 0.451219
986 0.461219
987 0.459108
988 0.461908
989 0.461079
990 0.46291
991 0.460586
992 0.461825
993 0.463643
994 0.459401
995 0.459796
996 0.460322
997 0.458887
998 0.457884
999 0.45858
1000 0.459337
1001 0.459337
1002 0.461337
1003 0.463169
1004 0.463473
1005 0.466082
1006 0.463667
1007 0.464143
1008 0.464669
1009 0.464545
1010 0.46598
1011 0.468814
1012 0.467986
1013 0.466796
1014 0.467705
1015 0.4684
1016 0.468833
1017 0.468309
1018 0.467725
1019 0.467725
1020 0.467543
1021 0.467543
1022 0.466144
1023 0.467731
1024 0.466806
1025 0.469332
1026 0.46897
1027 0.46897
1028 0.466377
1029 0.467681
1030 0.468114
1031 0.468288
1032 0.467177
1033 0.468844
1034 0.467408
1035 0.468317
1036 0.467408
1037 0.468935
1038 0.472268
1039 0.465111
1040 0.454584
1041 0.459149
1042 0.45521
1043 0.454301
1044 0.453544
1045 0.452786
1046 0.45231
1047 0.452743
1048 0.456552
1049 0.456552
1050 0.456552
1051 0.457664
1052 0.457664
1053 0.45614
1054 0.454547
1055 0.456378
1056 0.455089
1057 0.452782
1058 0.451779
1059 0.450408
1060 0.449882
1061 0.449355
1062 0.45066
1063 0.452326
1064 0.451417
1065 0.450129
1066 0.450129
1067 0.450653
1068 0.449217
1069 0.44846
1070 0.450986
1071 0.449319
1072 0.451151
1073 0.449131
1074 0.450814
1075 0.448984
1076 0.448343
1077 0.44791
1078 0.44791
1079 0.447001
1080 0.44581
1081 0.446506
1082 0.445597
1083 0.444168
1084 0.443077
1085 0.44141
1086 0.44232
1087 0.440127
1088 0.436317
1089 0.44387
1090 0.454396
1091 0.451327
1092 0.453501
1093 0.452743
1094 0.453501
1095 0.453501
1096 0.455088
1097 0.455564
1098 0.450564
1099 0.451869
1100 0.452301
1101 0.450281
1102 0.450281
1103 0.450615
1104 0.451903
1105 0.4509
1106 0.453017
1107 0.455851
1108 0.456327
1109 0.45746
1110 0.456156
1111 0.456156
1112 0.45568
1113 0.45468
1114 0.456115
1115 0.459819
1116 0.458628
1117 0.458195
1118 0.460216
1119 0.459882
1120 0.458447
1121 0.459204
1122 0.460207
1123 0.459812
1124 0.459054
1125 0.459882
1126 0.459882
1127 0.460265
1128 0.460265
1129 0.4617
1130 0.462458
1131 0.462458
1132 0.4617
1133 0.462653
1134 0.463744
1135 0.463744
1136 0.462835
1137 0.464025
1138 0.463592
1139 0.464025
1140 0.461832
1141 0.463663
1142 0.466996
1143 0.46033
1144 0.451239
1145 0.453494
1146 0.450075
1147 0.44877
1148 0.44877
1149 0.447466
1150 0.447942
1151 0.448375
1152 0.451708
1153 0.452071
1154 0.452849
1155 0.452849
1156 0.452849
1157 0.450015
1158 0.447707
1159 0.449374
1160 0.44837
1161 0.446063
1162 0.445235
1163 0.443927
1164 0.443401
1165 0.44138
1166 0.441743
1167 0.441743
1168 0.440632
1169 0.440039
1170 0.440948
1171 0.440948
1172 0.440422
1173 0.439726
1174 0.440917
1175 0.440088
1176 0.44192
1177 0.441537
1178 0.443221
1179 0.44139
1180 0.44139
1181 0.44139
1182 0.439953
1183 0.438122
1184 0.437364
1185 0.437726
1186 0.437207
1187 0.436255
1188 0.435164
1189 0.432783
1190 0.434449
1191 0.432256
1192 0.428923
1193 0.435952
1194 0.445476
1195 0.442888
1196 0.445195
1197 0.445591
1198 0.447257
1199 0.446254
1200 0.44678
1201 0.447783
1202 0.443973
1203 0.444368
1204 0.444419
1205 0.443986
1206 0.443986
1207 0.444627
1208 0.44563
1209 0.44563
1210 0.447462
1211 0.449293
1212 0.450597
1213 0.450597
1214 0.449688
1215 0.450121
1216 0.451426
1217 0.450906
1218 0.452017
1219 0.455136
1220 0.453832
1221 0.453436
1222 0.453436
1223 0.453436
1224 0.452608
1225 0.453004
1226 0.45348
1227 0.453085
1228 0.452327
1229 0.453631
1230 0.452233
1231 0.453537
1232 0.453783
1233 0.456091
1234 0.456849
1235 0.456486
1236 0.455607
1237 0.456127
1238 0.45765
1239 0.459599
1240 0.458689
1241 0.45988
1242 0.458971
1243 0.459799
1244 0.458101
1245 0.460628
1246 0.464913
1247 0.457361
1248 0.457361
1249 0.461669
1250 0.458285
1251 0.457283
1252 0.455759
1253 0.455001
1254 0.456589
1255 0.457021
1256 0.459262
1257 0.459262
1258 0.46009
1259 0.458786
1260 0.459789
1261 0.457957
1262 0.455649
1263 0.457481
1264 0.455797
1265 0.454274
1266 0.452969
1267 0.451321
1268 0.451638
1269 0.451112
1270 0.452416
1271 0.452054
1272 0.451578
1273 0.45127
1274 0.450908
1275 0.450908
1276 0.450432
1277 0.450069
1278 0.451736
1279 0.450069
1280 0.452377
1281 0.45071
1282 0.452263
1283 0.450959
1284 0.450201
1285 0.450959
1286 0.45041
1287 0.450014
1288 0.449581
1289 0.450014
1290 0.450014
1291 0.449581
1292 0.44849
1293 0.446374
1294 0.449074
1295 0.447244
1296 0.442049
1297 0.449601
1298 0.449125
1299 0.445821
1300 0.448678
1301 0.44785
1302 0.44985
1303 0.448439
1304 0.448439
1305 0.448439
1306 0.446199
1307 0.446956
1308 0.447432
1309 0.447828
1310 0.446825
1311 0.447466
1312 0.448865
1313 0.449341
1314 0.451457
1315 0.453457
1316 0.454285
1317 0.455362
1318 0.453025
1319 0.452548
1320 0.453075
1321 0.453741
1322 0.455329
1323 0.458748
1324 0.45911
1325 0.45911
1326 0.45911
1327 0.459867
1328 0.458958
1329 0.460625
1330 0.461151
1331 0.461514
1332 0.460818
1333 0.462122
1334 0.461481
1335 0.461914
1336 0.461914
1337 0.463219
1338 0.462461
1339 0.461633
1340 0.460234
1341 0.460234
1342 0.461325
1343 0.462251
1344 0.461725
1345 0.46212
1346 0.462553
1347 0.462986
1348 0.462158
1349 0.464573
1350 0.468859
1351 0.461702
1352 0.461702
1353 0.466543
1354 0.462839
1355 0.462407
1356 0.460575
1357 0.46018
1358 0.46018
1359 0.460089
1360 0.461091
1361 0.462282
1362 0.461887
1363 0.46141
1364 0.461887
1365 0.459294
1366 0.458104
1367 0.460104
1368 0.458156
1369 0.456324
1370 0.45349
1371 0.45169
1372 0.453079
1373 0.451968
1374 0.452363
1375 0.452363
1376 0.45193
1377 0.450531
1378 0.449774
1379 0.448865
1380 0.447429
1381 0.447067
1382 0.447763
1383 0.446096
1384 0.447928
1385 0.447099
1386 0.449048
1387 0.447743
1388 0.44741
1389 0.447805
1390 0.447805
1391 0.446714
1392 0.446319
1393 0.447076
1394 0.445772
1395 0.445772
1396 0.444944
1397 0.442828
1398 0.444132
1399 0.441354
1400 0.436159
1401 0.444145
1402 0.443668
1403 0.440599
1404 0.443192
1405 0.442434
1406 0.443833
1407 0.44283
1408 0.443356
1409 0.444356
1410 0.443354
1411 0.442525
1412 0.443354
1413 0.442921
1414 0.442921
1415 0.444209
1416 0.444571
1417 0.444095
1418 0.446476
1419 0.448784
1420 0.451091
1421 0.451584
1422 0.447779
1423 0.447303
1424 0.447736
1425 0.448169
1426 0.449078
1427 0.451912
1428 0.452274
1429 0.452274
1430 0.453183
1431 0.452542
1432 0.452542
1433 0.452905
1434 0.454492
1435 0.454492
1436 0.454097
1437 0.455401
1438 0.455093
1439 0.456529
1440 0.456244
1441 0.45877
1442 0.45877
1443 0.458013
1444 0.45765
1445 0.458083
1446 0.458911
1447 0.459837
1448 0.458928
1449 0.459686
1450 0.460119
1451 0.458421
1452 0.457593
1453 0.460008
1454 0.464294
1455 0.457499
1456 0.448408
1457 0.451827
1458 0.448708
1459 0.447041
1460 0.445518
1461 0.444822
1462 0.445298
1463 0.445731
1464 0.448231
1465 0.448231
1466 0.449059
1467 0.448626
1468 0.448193
1469 0.445336
1470 0.443336
1471 0.445168
1472 0.444164
1473 0.442641
1474 0.441813
1475 0.439789
1476 0.442646
1477 0.441643
1478 0.442472
1479 0.442472
1480 0.441167
1481 0.440882
1482 0.440882
1483 0.441278
1484 0.440166
1485 0.439471
1486 0.440299
1487 0.43939
1488 0.441221
1489 0.439391
1490 0.441074
1491 0.439243
1492 0.438881
1493 0.439639
1494 0.438202
1495 0.437011
1496 0.436183
1497 0.436941
1498 0.436941
1499 0.435469
1500 0.433945
1501 0.433016
1502 0.433411
1503 0.430996
1504 0.425801
1505 0.433353
1506 0.442877
1507 0.439766
1508 0.442358
1509 0.442025
1510 0.443116
1511 0.442808
1512 0.442808
1513 0.443811
1514 0.440402
1515 0.440402
1516 0.440402
1517 0.440835
1518 0.441268
1519 0.442125
1520 0.44282
1521 0.44282
1522 0.444652
1523 0.446652
1524 0.447047
1525 0.447239
1526 0.443473
1527 0.442949
1528 0.443426
1529 0.442906
1530 0.44421
1531 0.447329
1532 0.447329
1533 0.445738
1534 0.445738
1535 0.446434
1536 0.445606
1537 0.445606
1538 0.445606
1539 0.446001
1540 0.44491
1541 0.445738
1542 0.445405
1543 0.446314
1544 0.446561
1545 0.448227
1546 0.448622
1547 0.448622
1548 0.447224
1549 0.449129
1550 0.450652
1551 0.452089
1552 0.451694
1553 0.452089
1554 0.451694
1555 0.451694
1556 0.450503
1557 0.453615
1558 0.4579
1559 0.451567
1560 0.442476
1561 0.445895
1562 0.443587
1563 0.441757
1564 0.440358
1565 0.439996
1566 0.439996
1567 0.439563
1568 0.442539
1569 0.443235
1570 0.444063
1571 0.443235
1572 0.443711
1573 0.441403
1574 0.440004
1575 0.441836
1576 0.440152
1577 0.438845
1578 0.437178
1579 0.436107
1580 0.43944
1581 0.437914
1582 0.439218
1583 0.440051
1584 0.438747
1585 0.437744
1586 0.437744
1587 0.437744
1588 0.43822
1589 0.437129
1590 0.439129
1591 0.438301
1592 0.440301
1593 0.439392
1594 0.440944
1595 0.440468
1596 0.439377
1597 0.438982
1598 0.438433
1599 0.436909
1600 0.436081
1601 0.436838
1602 0.436476
1603 0.436476
1604 0.436476
1605 0.434282
1606 0.435472
1607 0.432361
1608 0.427166
1609 0.43459
1610 0.444114
1611 0.441699
1612 0.444006
1613 0.443311
1614 0.445142
1615 0.443732
1616 0.445319
1617 0.446228
1618 0.442819
1619 0.442457
1620 0.442933
1621 0.443328
1622 0.442852
1623 0.443493
1624 0.444892
1625 0.444459
1626 0.447052
1627 0.449359
1628 0.450117
1629 0.450617
1630 0.445979
1631 0.44607
1632 0.446596
1633 0.446445
1634 0.447749
1635 0.450583
1636 0.450978
1637 0.450221
1638 0.448916
1639 0.448916
1640 0.447612
1641 0.448916
1642 0.449443
1643 0.449048
1644 0.449048
1645 0.449048
1646 0.44874
1647 0.45057
1648 0.45057
1649 0.453682
1650 0.453319
1651 0.452924
1652 0.452283
1653 0.452283
1654 0.453111
1655 0.454215
1656 0.453386
1657 0.454082
1658 0.454082
1659 0.453687
1660 0.452859
1661 0.455274
1662 0.45956
1663 0.453098
1664 0.453575
1665 0.456651
1666 0.452948
1667 0.450948
1668 0.449549
1669 0.449216
1670 0.449742
1671 0.449742
1672 0.450218
1673 0.451409
1674 0.451014
1675 0.451014
1676 0.451014
1677 0.448421
1678 0.447022
1679 0.449549
1680 0.447996
1681 0.446312
1682 0.443786
1683 0.442804
1684 0.445304
1685 0.444252
1686 0.444252
1687 0.445009
1688 0.445009
1689 0.444701
1690 0.444701
1691 0.443792
1692 0.442357
1693 0.441661
1694 0.442057
1695 0.441624
1696 0.443931
1697 0.442496
1698 0.444444
1699 0.442029
1700 0.441695
1701 0.441695
1702 0.441146
1703 0.440751
1704 0.438919
1705 0.440443
1706 0.440838
1707 0.440838
1708 0.440081
1709 0.438528
1710 0.440358
1711 0.437581
1712 0.431991
1713 0.439543
1714 0.438634
1715 0.436967
1716 0.43956
1717 0.43956
1718 0.440958
1719 0.440158
1720 0.439632
1721 0.440541
1722 0.441068
1723 0.440635
1724 0.441463
1725 0.441463
1726 0.440987
1727 0.441579
1728 0.442583
1729 0.442056
1730 0.444437
1731 0.44703
1732 0.448554
1733 0.449046
1734 0.445242
1735 0.445768
1736 0.446201
1737 0.446634
1738 0.447938
1739 0.450772
1740 0.450772
1741 0.450377
1742 0.451286
1743 0.451982
1744 0.451586
1745 0.451191
1746 0.451191
1747 0.451191
1748 0.4501
1749 0.450928
1750 0.450621
1751 0.451925
1752 0.452189
1753 0.453494
1754 0.454497
1755 0.453669
1756 0.453274
1757 0.453669
1758 0.454427
1759 0.454976
1760 0.453541
1761 0.453903
1762 0.455207
1763 0.455207
1764 0.454812
1765 0.457005
1766 0.461291
1767 0.454719
1768 0.458962
1769 0.461762
1770 0.459169
1771 0.45826
1772 0.455426
1773 0.454027
1774 0.453594
1775 0.453594
1776 0.453594
1777 0.454685
1778 0.455081
1779 0.454604
1780 0.454604
1781 0.452297
1782 0.450465
1783 0.452773
1784 0.45177
1785 0.449462
1786 0.448271
1787 0.446574
1788 0.449074
1789 0.448071
1790 0.448899
1791 0.449295
1792 0.449295
1793 0.448291
1794 0.447929
1795 0.448757
1796 0.448757
1797 0.447666
1798 0.448757
1799 0.447567
1800 0.449398
1801 0.448094
1802 0.449777
1803 0.448473
1804 0.448111
1805 0.448111
1806 0.446822
1807 0.445731
1808 0.444974
1809 0.446805
1810 0.446048
1811 0.445178
1812 0.443874
1813 0.44145
1814 0.442754
1815 0.440228
1816 0.434275
1817 0.441542
1818 0.4373
1819 0.434992
1820 0.437585
1821 0.436494
1822 0.437893
1823 0.437893
1824 0.439328
1825 0.440237
1826 0.439804
1827 0.439047
1828 0.439479
1829 0.439479
1830 0.439479
1831 0.440121
1832 0.441124
1833 0.441124
1834 0.442955
1835 0.444787
1836 0.444146
1837 0.444012
1838 0.439845
1839 0.440322
1840 0.440798
1841 0.440707
1842 0.440707
1843 0.444126
1844 0.444488
1845 0.443298
1846 0.442388
1847 0.442081
1848 0.441685
1849 0.442443
1850 0.442443
1851 0.442081
1852 0.44099
1853 0.442821
1854 0.44218
1855 0.44401
1856 0.443746
1857 0.446857
1858 0.447614
1859 0.446786
1860 0.445596
1861 0.44686
1862 0.447689
1863 0.449022
1864 0.447718
1865 0.448413
1866 0.449171
1867 0.449566
1868 0.449171
1869 0.452005
1870 0.456291
1871 0.449719
1872 0.450628
1873 0.452936
1874 0.450102
1875 0.448798
1876 0.447114
1877 0.447114
1878 0.44759
1879 0.447157
1880 0.44816
1881 0.449827
1882 0.449827
1883 0.44816
1884 0.448636
1885 0.44652
1886 0.44652
1887 0.448351
1888 0.447425
1889 0.444092
1890 0.442092
1891 0.440918
1892 0.444251
1893 0.442231
1894 0.443059
1895 0.443059
1896 0.443059
1897 0.443059
1898 0.442697
1899 0.442697
1900 0.443173
1901 0.44284
1902 0.444364
1903 0.442928
1904 0.44476
1905 0.442929
1906 0.444482
1907 0.442895
1908 0.442137
1909 0.442965
1910 0.442719
1911 0.443152
1912 0.441961
1913 0.443052
1914 0.443447
1915 0.443447
1916 0.44269
1917 0.440266
1918 0.44157
1919 0.439377
1920 0.434615
1921 0.442277
1922 0.441801
1923 0.440135
1924 0.442442
1925 0.441747
1926 0.44343
1927 0.442504
1928 0.443031
1929 0.44394
1930 0.442504
1931 0.440838
1932 0.442142
1933 0.442899
1934 0.442423
1935 0.443711
1936 0.444715
1937 0.445191
1938 0.447784
1939 0.451643
1940 0.451643
1941 0.451509
1942 0.446509
1943 0.446509
1944 0.447512
1945 0.448652
1946 0.450088
1947 0.452922
1948 0.452922
1949 0.452164
1950 0.45086
1951 0.451555
1952 0.450727
1953 0.451636
1954 0.451636
1955 0.452032
1956 0.451669
1957 0.451669
1958 0.451336
1959 0.451812
1960 0.452323
1961 0.452799
1962 0.452799
1963 0.452404
1964 0.451005
1965 0.451401
1966 0.452158
1967 0.452899
1968 0.45199
1969 0.452352
1970 0.451919
1971 0.451919
1972 0.451919
1973 0.454112
1974 0.458398
1975 0.451936
1976 0.442845
1977 0.445964
1978 0.44313
1979 0.441826
1980 0.440143
1981 0.439809
1982 0.439333
1983 0.439333
1984 0.439809
1985 0.439809
1986 0.439809
1987 0.439333
1988 0.438857
1989 0.435473
1990 0.435166
1991 0.438
1992 0.436809
1993 0.435126
1994 0.432292
1995 0.429741
1996 0.431715
1997 0.430279
1998 0.431037
1999 0.431399
