0 0
1 1
2 2
3 3
4 4
5 5
6 6
7 7
8 8
9 9
10 10
11 11
12 12
13 13
14 14
15 15
16 16
17 17
18 18
19 19
20 20
21 21
22 22
23 23
24 24
25 25
26 26
27 27
28 28
29 29
30 30
31 31
32 32
33 33
34 34
35 35
36 36
37 37
38 38
39 39
40 40
41 41
42 42
43 43
44 44
45 45
46 46
47 47
48 48
49 49
50 50
51 51
52 52
53 53
54 54
55 55
56 56
57 57
58 58
59 59
60 60
61 61
62 62
63 63
64 64
65 65
66 66
67 67
68 68
69 69
70 70
71 71
72 72
73 73
74 74
75 75
76 76
77 77
78 78
79 79
80 80
81 81
82 82
83 83
84 84
85 85
86 86
87 87
88 88
89 89
90 90
91 91
92 92
93 93
94 94
95 95
96 96
97 97
98 98
99 99
100 100
101 100
102 101
103 101
104 0
105 1
106 2
107 3
108 4
109 5
110 6
111 7
112 8
113 9
114 10
115 11
116 12
117 13
118 14
119 15
120 16
121 17
122 18
123 19
124 20
125 21
126 22
127 23
128 24
129 25
130 26
131 27
132 28
133 29
134 30
135 31
136 32
137 33
138 34
139 35
140 36
141 37
142 38
143 39
144 40
145 41
146 42
147 43
148 44
149 45
150 46
151 47
152 48
153 49
154 50
155 51
156 52
157 53
158 54
159 55
160 56
161 57
162 58
163 59
164 60
165 61
166 62
167 63
168 64
169 65
170 66
171 67
172 68
173 69
174 70
175 71
176 72
177 73
178 74
179 75
180 76
181 77
182 78
183 79
184 80
185 81
186 82
187 83
188 84
189 85
190 86
191 87
192 88
193 89
194 90
195 91
196 92
197 93
198 94
199 95
200 96
201 97
202 98
203 99
204 100
205 100
206 101
207 101
208 0
209 1
210 2
211 3
212 4
213 5
214 6
215 7
216 8
217 9
218 10
219 11
220 12
221 13
222 14
223 15
224 16
225 17
226 18
227 19
228 20
229 21
230 22
231 23
232 24
233 25
234 26
235 27
236 28
237 29
238 30
239 31
240 32
241 33
242 34
243 35
244 36
245 37
246 38
247 39
248 40
249 41
250 42
251 43
252 44
253 45
254 46
255 47
256 48
257 49
258 50
259 51
260 52
261 53
262 54
263 55
264 56
265 57
266 58
267 59
268 60
269 61
270 62
271 63
272 64
273 65
274 66
275 67
276 68
277 69
278 70
279 71
280 72
281 73
282 74
283 75
284 76
285 77
286 78
287 79
288 80
289 81
290 82
291 83
292 84
293 85
294 86
295 87
296 88
297 89
298 90
299 91
300 92
301 93
302 94
303 95
304 96
305 97
306 98
307 99
308 100
309 100
310 101
311 101
312 0
313 1
314 2
315 3
316 4
317 5
318 6
319 7
320 8
321 9
322 10
323 11
324 12
325 13
326 14
327 15
328 16
329 17
330 18
331 19
332 20
333 21
334 22
335 23
336 24
337 25
338 26
339 27
340 28
341 29
342 30
343 31
344 32
345 33
346 34
347 35
348 36
349 37
350 38
351 39
352 40
353 41
354 42
355 43
356 44
357 45
358 46
359 47
360 48
361 49
362 50
363 51
364 52
365 53
366 54
367 55
368 56
369 57
370 58
371 59
372 60
373 61
374 62
375 63
376 64
377 65
378 66
379 67
380 68
381 69
382 70
383 71
384 72
385 73
386 74
387 75
388 76
389 77
390 78
391 79
392 80
393 81
394 82
395 83
396 84
397 85
398 86
399 87
400 88
401 89
402 90
403 91
404 92
405 93
406 94
407 95
408 96
409 97
410 98
411 99
412 100
413 100
414 101
415 101
416 0
417 1
418 2
419 3
420 4
421 5
422 6
423 7
424 8
425 9
426 10
427 11
428 12
429 13
430 14
431 15
432 16
433 17
434 18
435 19
436 20
437 21
438 22
439 23
440 24
441 25
442 26
443 27
444 28
445 29
446 30
447 31
448 32
449 33
450 34
451 35
452 36
453 37
454 38
455 39
456 40
457 41
458 42
459 43
460 44
461 45
462 46
463 47
464 48
465 49
466 50
467 51
468 52
469 53
470 54
471 55
472 56
473 57
474 58
475 59
476 60
477 61
478 62
479 63
480 64
481 65
482 66
483 67
484 68
485 69
486 70
487 71
488 72
489 73
490 74
491 75
492 76
493 77
494 78
495 79
496 80
497 81
498 82
499 83
500 84
501 85
502 86
503 87
504 88
505 89
506 90
507 91
508 92
509 93
510 94
511 95
512 96
513 97
514 98
515 99
516 100
517 100
518 101
519 101
520 0
521 1
522 2
523 3
524 4
525 5
526 6
527 7
528 8
529 9
530 10
531 11
532 12
533 13
534 14
535 15
536 16
537 17
538 18
539 19
540 20
541 21
542 22
543 23
544 24
545 25
546 26
547 27
548 28
549 29
550 30
551 31
552 32
553 33
554 34
555 35
556 36
557 37
558 38
559 39
560 40
561 41
562 42
563 43
564 44
565 45
566 46
567 47
568 48
569 49
570 50
571 51
572 52
573 53
574 54
575 55
576 56
577 57
578 58
579 59
580 60
581 61
582 62
583 63
584 64
585 65
586 66
587 67
588 68
589 69
590 70
591 71
592 72
593 73
594 74
595 75
596 76
597 77
598 78
599 79
600 80
601 81
602 82
603 83
604 84
605 85
606 86
607 87
608 88
609 89
610 90
611 91
612 92
613 93
614 94
615 95
616 96
617 97
618 98
619 99
620 100
621 100
622 101
623 101
624 0
625 1
626 2
627 3
628 4
629 5
630 6
631 7
632 8
633 9
634 10
635 11
636 12
637 13
638 14
639 15
640 16
641 17
642 18
643 19
644 20
645 21
646 22
647 23
648 24
649 25
650 26
651 27
652 28
653 29
654 30
655 31
656 32
657 33
658 34
659 35
660 36
661 37
662 38
663 39
664 40
665 41
666 42
667 43
668 44
669 45
670 46
671 47
672 48
673 49
674 50
675 51
676 52
677 53
678 54
679 55
680 56
681 57
682 58
683 59
684 60
685 61
686 62
687 63
688 64
689 65
690 66
691 67
692 68
693 69
694 70
695 71
696 72
697 73
698 74
699 75
700 76
701 77
702 78
703 79
704 80
705 81
706 82
707 83
708 84
709 85
710 86
711 87
712 88
713 89
714 90
715 91
716 92
717 93
718 94
719 95
720 96
721 97
722 98
723 99
724 100
725 100
726 101
727 101
728 0
729 1
730 2
731 3
732 4
733 5
734 6
735 7
736 8
737 9
738 10
739 11
740 12
741 13
742 14
743 15
744 16
745 17
746 18
747 19
748 20
749 21
750 22
751 23
752 24
753 25
754 26
755 27
756 28
757 29
758 30
759 31
760 32
761 33
762 34
763 35
764 36
765 37
766 38
767 39
768 40
769 41
770 42
771 43
772 44
773 45
774 46
775 47
776 48
777 49
778 50
779 51
780 52
781 53
782 54
783 55
784 56
785 57
786 58
787 59
788 60
789 61
790 62
791 63
792 64
793 65
794 66
795 67
796 68
797 69
798 70
799 71
800 72
801 73
802 74
803 75
804 76
805 77
806 78
807 79
808 80
809 81
810 82
811 83
812 84
813 85
814 86
815 87
816 88
817 89
818 90
819 91
820 92
821 93
822 94
823 95
824 96
825 97
826 98
827 99
828 100
829 100
830 101
831 101
832 0
833 1
834 2
835 3
836 4
837 5
838 6
839 7
840 8
841 9
842 10
843 11
844 12
845 13
846 14
847 15
848 16
849 17
850 18
851 19
852 20
853 21
854 22
855 23
856 24
857 25
858 26
859 27
860 28
861 29
862 30
863 31
864 32
865 33
866 34
867 35
868 36
869 37
870 38
871 39
872 40
873 41
874 42
875 43
876 44
877 45
878 46
879 47
880 48
881 49
882 50
883 51
884 52
885 53
886 54
887 55
888 56
889 57
890 58
891 59
892 60
893 61
894 62
895 63
896 64
897 65
898 66
899 67
900 68
901 69
902 70
903 71
904 72
905 73
906 74
907 75
908 76
909 77
910 78
911 79
912 80
913 81
914 82
915 83
916 84
917 85
918 86
919 87
920 88
921 89
922 90
923 91
924 92
925 93
926 94
927 95
928 96
929 97
930 98
931 99
932 100
933 100
934 101
935 101
936 0
937 1
938 2
939 3
940 4
941 5
942 6
943 7
944 8
945 9
946 10
947 11
948 12
949 13
950 14
951 15
952 16
953 17
954 18
955 19
956 20
957 21
958 22
959 23
960 24
961 25
962 26
963 27
964 28
965 29
966 30
967 31
968 32
969 33
970 34
971 35
972 36
973 37
974 38
975 39
976 40
977 41
978 42
979 43
980 44
981 45
982 46
983 47
984 48
985 49
986 50
987 51
988 52
989 53
990 54
991 55
992 56
993 57
994 58
995 59
996 60
997 61
998 62
999 63
1000 64
1001 65
1002 66
1003 67
1004 68
1005 69
1006 70
1007 71
1008 72
1009 73
1010 74
1011 75
1012 76
1013 77
1014 78
1015 79
1016 80
1017 81
1018 82
1019 83
1020 84
1021 85
1022 86
1023 87
1024 88
1025 89
1026 90
1027 91
1028 92
1029 93
1030 94
1031 95
1032 96
1033 97
1034 98
1035 99
1036 100
1037 100
1038 101
1039 101
1040 0
1041 1
1042 2
1043 3
1044 4
1045 5
1046 6
1047 7
1048 8
1049 9
1050 10
1051 11
1052 12
1053 13
1054 14
1055 15
1056 16
1057 17
1058 18
1059 19
1060 20
1061 21
1062 22
1063 23
1064 24
1065 25
1066 26
1067 27
1068 28
1069 29
1070 30
1071 31
1072 32
1073 33
1074 34
1075 35
1076 36
1077 37
1078 38
1079 39
1080 40
1081 41
1082 42
1083 43
1084 44
1085 45
1086 46
1087 47
1088 48
1089 49
1090 50
1091 51
1092 52
1093 53
1094 54
1095 55
1096 56
1097 57
1098 58
1099 59
1100 60
1101 61
1102 62
1103 63
1104 64
1105 65
1106 66
1107 67
1108 68
1109 69
1110 70
1111 71
1112 72
1113 73
1114 74
1115 75
1116 76
1117 77
1118 78
1119 79
1120 80
1121 81
1122 82
1123 83
1124 84
1125 85
1126 86
1127 87
1128 88
1129 89
1130 90
1131 91
1132 92
1133 93
1134 94
1135 95
1136 96
1137 97
1138 98
1139 99
1140 100
1141 100
1142 101
1143 101
1144 0
1145 1
1146 2
1147 3
1148 4
1149 5
1150 6
1151 7
1152 8
1153 9
1154 10
1155 11
1156 12
1157 13
1158 14
1159 15
1160 16
1161 17
1162 18
1163 19
1164 20
1165 21
1166 22
1167 23
1168 24
1169 25
1170 26
1171 27
1172 28
1173 29
1174 30
1175 31
1176 32
1177 33
1178 34
1179 35
1180 36
1181 37
1182 38
1183 39
1184 40
1185 41
1186 42
1187 43
1188 44
1189 45
1190 46
1191 47
1192 48
1193 49
1194 50
1195 51
1196 52
1197 53
1198 54
1199 55
1200 56
1201 57
1202 58
1203 59
1204 60
1205 61
1206 62
1207 63
1208 64
1209 65
1210 66
1211 67
1212 68
1213 69
1214 70
1215 71
1216 72
1217 73
1218 74
1219 75
1220 76
1221 77
1222 78
1223 79
1224 80
1225 81
1226 82
1227 83
1228 84
1229 85
1230 86
1231 87
1232 88
1233 89
1234 90
1235 91
1236 92
1237 93
1238 94
1239 95
1240 96
1241 97
1242 98
1243 99
1244 100
1245 100
1246 101
1247 101
1248 0
1249 1
1250 2
1251 3
1252 4
1253 5
1254 6
1255 7
1256 8
1257 9
1258 10
1259 11
1260 12
1261 13
1262 14
1263 15
1264 16
1265 17
1266 18
1267 19
1268 20
1269 21
1270 22
1271 23
1272 24
1273 25
1274 26
1275 27
1276 28
1277 29
1278 30
1279 31
1280 32
1281 33
1282 34
1283 35
1284 36
1285 37
1286 38
1287 39
1288 40
1289 41
1290 42
1291 43
1292 44
1293 45
1294 46
1295 47
1296 48
1297 49
1298 50
1299 51
1300 52
1301 53
1302 54
1303 55
1304 56
1305 57
1306 58
1307 59
1308 60
1309 61
1310 62
1311 63
1312 64
1313 65
1314 66
1315 67
1316 68
1317 69
1318 70
1319 71
1320 72
1321 73
1322 74
1323 75
1324 76
1325 77
1326 78
1327 79
1328 80
1329 81
1330 82
1331 83
1332 84
1333 85
1334 86
1335 87
1336 88
1337 89
1338 90
1339 91
1340 92
1341 93
1342 94
1343 95
1344 96
1345 97
1346 98
1347 99
1348 100
1349 100
1350 101
1351 101
1352 0
1353 1
1354 2
1355 3
1356 4
1357 5
1358 6
1359 7
1360 8
1361 9
1362 10
1363 11
1364 12
1365 13
1366 14
1367 15
1368 16
1369 17
1370 18
1371 19
1372 20
1373 21
1374 22
1375 23
1376 24
1377 25
1378 26
1379 27
1380 28
1381 29
1382 30
1383 31
1384 32
1385 33
1386 34
1387 35
1388 36
1389 37
1390 38
1391 39
1392 40
1393 41
1394 42
1395 43
1396 44
1397 45
1398 46
1399 47
1400 48
1401 49
1402 50
1403 51
1404 52
1405 53
1406 54
1407 55
1408 56
1409 57
1410 58
1411 59
1412 60
1413 61
1414 62
1415 63
1416 64
1417 65
1418 66
1419 67
1420 68
1421 69
1422 70
1423 71
1424 72
1425 73
1426 74
1427 75
1428 76
1429 77
1430 78
1431 79
1432 80
1433 81
1434 82
1435 83
1436 84
1437 85
1438 86
1439 87
1440 88
1441 89
1442 90
1443 91
1444 92
1445 93
1446 94
1447 95
1448 96
1449 97
1450 98
1451 99
1452 100
1453 100
1454 101
1455 101
1456 0
1457 1
1458 2
1459 3
1460 4
1461 5
1462 6
1463 7
1464 8
1465 9
1466 10
1467 11
1468 12
1469 13
1470 14
1471 15
1472 16
1473 17
1474 18
1475 19
1476 20
1477 21
1478 22
1479 23
1480 24
1481 25
1482 26
1483 27
1484 28
1485 29
1486 30
1487 31
1488 32
1489 33
1490 34
1491 35
1492 36
1493 37
1494 38
1495 39
1496 40
1497 41
1498 42
1499 43
1500 44
1501 45
1502 46
1503 47
1504 48
1505 49
1506 50
1507 51
1508 52
1509 53
1510 54
1511 55
1512 56
1513 57
1514 58
1515 59
1516 60
1517 61
1518 62
1519 63
1520 64
1521 65
1522 66
1523 67
1524 68
1525 69
1526 70
1527 71
1528 72
1529 73
1530 74
1531 75
1532 76
1533 77
1534 78
1535 79
1536 80
1537 81
1538 82
1539 83
1540 84
1541 85
1542 86
1543 87
1544 88
1545 89
1546 90
1547 91
1548 92
1549 93
1550 94
1551 95
1552 96
1553 97
1554 98
1555 99
1556 100
1557 100
1558 101
1559 101
1560 0
1561 1
1562 2
1563 3
1564 4
1565 5
1566 6
1567 7
1568 8
1569 9
1570 10
1571 11
1572 12
1573 13
1574 14
1575 15
1576 16
1577 17
1578 18
1579 19
1580 20
1581 21
1582 22
1583 23
1584 24
1585 25
1586 26
1587 27
1588 28
1589 29
1590 30
1591 31
1592 32
1593 33
1594 34
1595 35
1596 36
1597 37
1598 38
1599 39
1600 40
1601 41
1602 42
1603 43
1604 44
1605 45
1606 46
1607 47
1608 48
1609 49
1610 50
1611 51
1612 52
1613 53
1614 54
1615 55
1616 56
1617 57
1618 58
1619 59
1620 60
1621 61
1622 62
1623 63
1624 64
1625 65
1626 66
1627 67
1628 68
1629 69
1630 70
1631 71
1632 72
1633 73
1634 74
1635 75
1636 76
1637 77
1638 78
1639 79
1640 80
1641 81
1642 82
1643 83
1644 84
1645 85
1646 86
1647 87
1648 88
1649 89
1650 90
1651 91
1652 92
1653 93
1654 94
1655 95
1656 96
1657 97
1658 98
1659 99
1660 100
1661 100
1662 101
1663 101
1664 0
1665 1
1666 2
1667 3
1668 4
1669 5
1670 6
1671 7
1672 8
1673 9
1674 10
1675 11
1676 12
1677 13
1678 14
1679 15
1680 16
1681 17
1682 18
1683 19
1684 20
1685 21
1686 22
1687 23
1688 24
1689 25
1690 26
1691 27
1692 28
1693 29
1694 30
1695 31
1696 32
1697 33
1698 34
1699 35
1700 36
1701 37
1702 38
1703 39
1704 40
1705 41
1706 42
1707 43
1708 44
1709 45
1710 46
1711 47
1712 48
1713 49
1714 50
1715 51
1716 52
1717 53
1718 54
1719 55
1720 56
1721 57
1722 58
1723 59
1724 60
1725 61
1726 62
1727 63
1728 64
1729 65
1730 66
1731 67
1732 68
1733 69
1734 70
1735 71
1736 72
1737 73
1738 74
1739 75
1740 76
1741 77
1742 78
1743 79
1744 80
1745 81
1746 82
1747 83
1748 84
1749 85
1750 86
1751 87
1752 88
1753 89
1754 90
1755 91
1756 92
1757 93
1758 94
1759 95
1760 96
1761 97
1762 98
1763 99
1764 100
1765 100
1766 101
1767 101
1768 0
1769 1
1770 2
1771 3
1772 4
1773 5
1774 6
1775 7
1776 8
1777 9
1778 10
1779 11
1780 12
1781 13
1782 14
1783 15
1784 16
1785 17
1786 18
1787 19
1788 20
1789 21
1790 22
1791 23
1792 24
1793 25
1794 26
1795 27
1796 28
1797 29
1798 30
1799 31
1800 32
1801 33
1802 34
1803 35
1804 36
1805 37
1806 38
1807 39
1808 40
1809 41
1810 42
1811 43
1812 44
1813 45
1814 46
1815 47
1816 48
1817 49
1818 50
1819 51
1820 52
1821 53
1822 54
1823 55
1824 56
1825 57
1826 58
1827 59
1828 60
1829 61
1830 62
1831 63
1832 64
1833 65
1834 66
1835 67
1836 68
1837 69
1838 70
1839 71
1840 72
1841 73
1842 74
1843 75
1844 76
1845 77
1846 78
1847 79
1848 80
1849 81
1850 82
1851 83
1852 84
1853 85
1854 86
1855 87
1856 88
1857 89
1858 90
1859 91
1860 92
1861 93
1862 94
1863 95
1864 96
1865 97
1866 98
1867 99
1868 100
1869 100
1870 101
1871 101
1872 0
1873 1
1874 2
1875 3
1876 4
1877 5
1878 6
1879 7
1880 8
1881 9
1882 10
1883 11
1884 12
1885 13
1886 14
1887 15
1888 16
1889 17
1890 18
1891 19
1892 20
1893 21
1894 22
1895 23
1896 24
1897 25
1898 26
1899 27
1900 28
1901 29
1902 30
1903 31
1904 32
1905 33
1906 34
1907 35
1908 36
1909 37
1910 38
1911 39
1912 40
1913 41
1914 42
1915 43
1916 44
1917 45
1918 46
1919 47
1920 48
1921 49
1922 50
1923 51
1924 52
1925 53
1926 54
1927 55
1928 56
1929 57
1930 58
1931 59
1932 60
1933 61
1934 62
1935 63
1936 64
1937 65
1938 66
1939 67
1940 68
1941 69
1942 70
1943 71
1944 72
1945 73
1946 74
1947 75
1948 76
1949 77
1950 78
1951 79
1952 80
1953 81
1954 82
1955 83
1956 84
1957 85
1958 86
1959 87
1960 88
1961 89
1962 90
1963 91
1964 92
1965 93
1966 94
1967 95
1968 96
1969 97
1970 98
1971 99
1972 100
1973 100
1974 101
1975 101
1976 0
1977 1
1978 2
1979 3
1980 4
1981 5
1982 6
1983 7
1984 8
1985 9
1986 10
1987 11
1988 12
1989 13
1990 14
1991 15
1992 16
1993 17
1994 18
1995 19
1996 20
1997 21
1998 22
1999 23
