0 0
1 0
2 0.00363636
3 0.00363636
4 0.00363636
5 0.00363636
6 0.00363636
7 0.00363636
8 0.00363636
9 0.00545455
10 0.00727273
11 0.00727273
12 0.00727273
13 0.00727273
14 0.00727273
15 0.00727273
16 0.00727273
17 0.0109091
18 0.0109091
19 0.0109091
20 0.0109091
21 0.0145455
22 0.0145455
23 0.0145455
24 0.0145455
25 0.02
26 0.02
27 0.02
28 0.0218182
29 0.0218182
30 0.0272727
31 0.0272727
32 0.0272727
33 0.0309091
34 0.0309091
35 0.0345455
36 0.04
37 0.04
38 0.04
39 0.04
40 0.04
41 0.04
42 0.0436364
43 0.0436364
44 0.0436364
45 0.0436364
46 0.0436364
47 0.0436364
48 0.0436364
49 0.0436364
50 0.0436364
51 0.0454546
52 0.0418182
53 0.0418182
54 0.0418182
55 0.0418182
56 0.0436364
57 0.0509091
58 0.0527273
59 0.0509091
60 0.0490909
61 0.0490909
62 0.0490909
63 0.0490909
64 0.0490909
65 0.0509091
66 0.0509091
67 0.0472727
68 0.0472727
69 0.0472727
70 0.0472727
71 0.0509091
72 0.0509091
73 0.0509091
74 0.0509091
75 0.0454546
76 0.0454546
77 0.0454546
78 0.0436364
79 0.0436364
80 0.0381818
81 0.0381818
82 0.0381818
83 0.0345455
84 0.0345455
85 0.0309091
86 0.0254545
87 0.0254545
88 0.0272727
89 0.0272727
90 0.0272727
91 0.0272727
92 0.0290909
93 0.0290909
94 0.0290909
95 0.0290909
96 0.0290909
97 0.0309091
98 0.0381818
99 0.0381818
100 0.0381818
101 0.0363636
102 0.0363636
103 0.0483636
104 0.0483636
105 0.052
106 0.0592727
107 0.0610909
108 0.0701818
109 0.0756364
110 0.0792727
111 0.0938182
112 0.104727
113 0.115636
114 0.126545
115 0.137455
116 0.141091
117 0.153818
118 0.162909
119 0.173818
120 0.182909
121 0.181091
122 0.182909
123 0.193818
124 0.202909
125 0.210182
126 0.228364
127 0.244727
128 0.253818
129 0.266545
130 0.272
131 0.281091
132 0.295636
133 0.310182
134 0.324727
135 0.333818
136 0.342909
137 0.353818
138 0.362909
139 0.381091
140 0.393818
141 0.406545
142 0.402909
143 0.413818
144 0.424727
145 0.430182
146 0.437455
147 0.448364
148 0.442909
149 0.453818
150 0.466545
151 0.470182
152 0.472
153 0.469091
154 0.48
155 0.483636
156 0.48
157 0.474545
158 0.474545
159 0.472727
160 0.481818
161 0.485455
162 0.485455
163 0.489091
164 0.48
165 0.474545
166 0.481818
167 0.474545
168 0.476364
169 0.470909
170 0.472727
171 0.476364
172 0.476364
173 0.474545
174 0.481818
175 0.492727
176 0.483636
177 0.470909
178 0.465455
179 0.465455
180 0.469091
181 0.465455
182 0.463636
183 0.46
184 0.447273
185 0.449091
186 0.445455
187 0.443636
188 0.438182
189 0.423636
190 0.429091
191 0.425455
192 0.438182
193 0.432727
194 0.423636
195 0.434545
196 0.44
197 0.436364
198 0.445455
199 0.44
200 0.44
201 0.449091
202 0.456364
203 0.450909
204 0.456364
205 0.46
206 0.463636
207 0.475
208 0.464091
209 0.476818
210 0.478636
211 0.475
212 0.478636
213 0.476818
214 0.482273
215 0.493182
216 0.498636
217 0.509546
218 0.513182
219 0.520455
220 0.515
221 0.520455
222 0.531364
223 0.535
224 0.533182
225 0.522273
226 0.520455
227 0.525909
228 0.538637
229 0.540455
230 0.545909
231 0.555
232 0.551364
233 0.555
234 0.564091
235 0.565909
236 0.576818
237 0.584091
238 0.591364
239 0.598636
240 0.593182
241 0.595
242 0.593182
243 0.604091
244 0.620455
245 0.622273
246 0.616818
247 0.616818
248 0.618636
249 0.627727
250 0.627727
251 0.625909
252 0.622273
253 0.636818
254 0.636818
255 0.636818
256 0.633182
257 0.629091
258 0.645455
259 0.647273
260 0.645455
261 0.641818
262 0.641818
263 0.64
264 0.649091
265 0.649091
266 0.647273
267 0.645455
268 0.645455
269 0.641818
270 0.645454
271 0.645454
272 0.649091
273 0.645454
274 0.641818
275 0.647273
276 0.647273
277 0.652727
278 0.654545
279 0.656364
280 0.650909
281 0.645455
282 0.647273
283 0.649091
284 0.652727
285 0.647273
286 0.643636
287 0.64
288 0.630909
289 0.627273
290 0.621818
291 0.623636
292 0.62
293 0.610909
294 0.610909
295 0.609091
296 0.616364
297 0.618182
298 0.616364
299 0.62
300 0.621818
301 0.623636
302 0.632727
303 0.629091
304 0.621818
305 0.629091
306 0.638182
307 0.64
308 0.636364
309 0.632727
310 0.630909
311 0.635
312 0.622273
313 0.629545
314 0.627727
315 0.627727
316 0.631364
317 0.631364
318 0.631364
319 0.640454
320 0.649545
321 0.647727
322 0.647727
323 0.651364
324 0.653182
325 0.655
326 0.662273
327 0.660455
328 0.656818
329 0.649545
330 0.655
331 0.662273
332 0.665909
333 0.664091
334 0.665909
335 0.676818
336 0.680455
337 0.684091
338 0.696818
339 0.707727
340 0.718636
341 0.724091
342 0.733182
343 0.740454
344 0.738636
345 0.735
346 0.733182
347 0.740454
348 0.747727
349 0.747727
350 0.744091
351 0.747727
352 0.749545
353 0.749545
354 0.755
355 0.751364
356 0.751364
357 0.756818
358 0.762273
359 0.762273
360 0.760454
361 0.758182
362 0.774545
363 0.774545
364 0.772727
365 0.770909
366 0.767273
367 0.767273
368 0.770909
369 0.770909
370 0.769091
371 0.770909
372 0.769091
373 0.774545
374 0.772727
375 0.774545
376 0.776364
377 0.776364
378 0.776364
379 0.78
380 0.774545
381 0.774545
382 0.778182
383 0.781818
384 0.778182
385 0.776364
386 0.778182
387 0.78
388 0.778182
389 0.774545
390 0.774545
391 0.772727
392 0.765454
393 0.76
394 0.754545
395 0.76
396 0.763636
397 0.758182
398 0.756364
399 0.754545
400 0.76
401 0.76
402 0.76
403 0.763636
404 0.765454
405 0.769091
406 0.772727
407 0.770909
408 0.769091
409 0.772727
410 0.781818
411 0.785454
412 0.783636
413 0.78
414 0.783636
415 0.782273
416 0.773182
417 0.776818
418 0.776818
419 0.776818
420 0.776818
421 0.778636
422 0.778636
423 0.778636
424 0.785909
425 0.787727
426 0.789545
427 0.791363
428 0.793182
429 0.798636
430 0.807727
431 0.807727
432 0.807727
433 0.798636
434 0.802272
435 0.802272
436 0.802272
437 0.802272
438 0.804091
439 0.807727
440 0.807727
441 0.809545
442 0.816818
443 0.825909
444 0.831363
445 0.831363
446 0.833182
447 0.835
448 0.836818
449 0.836818
450 0.838636
451 0.840454
452 0.842273
453 0.842273
454 0.840454
455 0.836818
456 0.835
457 0.836818
458 0.838636
459 0.838636
460 0.838636
461 0.840454
462 0.842273
463 0.844091
464 0.836818
465 0.838182
466 0.850909
467 0.850909
468 0.850909
469 0.850909
470 0.850909
471 0.852727
472 0.856364
473 0.856364
474 0.854545
475 0.852727
476 0.852727
477 0.856364
478 0.856364
479 0.854545
480 0.854545
481 0.854545
482 0.854545
483 0.858182
484 0.858182
485 0.86
486 0.858182
487 0.856364
488 0.854545
489 0.854545
490 0.854545
491 0.854545
492 0.854545
493 0.854545
494 0.856364
495 0.856364
496 0.854545
497 0.850909
498 0.849091
499 0.850909
500 0.845455
501 0.834545
502 0.830909
503 0.825455
504 0.827273
505 0.829091
506 0.829091
507 0.829091
508 0.825455
509 0.825455
510 0.825455
511 0.821818
512 0.818182
513 0.82
514 0.829091
515 0.830909
516 0.830909
517 0.830909
518 0.829091
519 0.825909
520 0.815
521 0.813182
522 0.811364
523 0.811364
524 0.813182
525 0.815
526 0.813182
527 0.813182
528 0.815
529 0.815
530 0.815
531 0.816818
532 0.816818
533 0.822273
534 0.824091
535 0.824091
536 0.824091
537 0.816818
538 0.820454
539 0.820454
540 0.820454
541 0.820454
542 0.820454
543 0.820454
544 0.820454
545 0.820454
546 0.822273
547 0.829545
548 0.831364
549 0.831364
550 0.836818
551 0.847727
552 0.849546
553 0.855
554 0.856818
555 0.858636
556 0.860455
557 0.860455
558 0.862273
559 0.862273
560 0.862273
561 0.865909
562 0.869546
563 0.869546
564 0.869546
565 0.869546
566 0.869546
567 0.869546
568 0.867727
569 0.870909
570 0.883636
571 0.885454
572 0.887273
573 0.887273
574 0.887273
575 0.887273
576 0.889091
577 0.889091
578 0.885454
579 0.887273
580 0.887273
581 0.887273
582 0.887273
583 0.887273
584 0.887273
585 0.885454
586 0.887273
587 0.894545
588 0.894545
589 0.894545
590 0.894545
591 0.894545
592 0.892727
593 0.892727
594 0.892727
595 0.892727
596 0.892727
597 0.892727
598 0.892727
599 0.892727
600 0.892727
601 0.889091
602 0.889091
603 0.889091
604 0.889091
605 0.889091
606 0.887273
607 0.887273
608 0.889091
609 0.889091
610 0.889091
611 0.889091
612 0.889091
613 0.889091
614 0.889091
615 0.887273
616 0.887273
617 0.887273
618 0.890909
619 0.890909
620 0.890909
621 0.890909
622 0.890909
623 0.887727
624 0.875
625 0.873182
626 0.871364
627 0.871364
628 0.875
629 0.875
630 0.873182
631 0.873182
632 0.873182
633 0.873182
634 0.873182
635 0.875
636 0.875
637 0.876818
638 0.876818
639 0.876818
640 0.876818
641 0.873182
642 0.871364
643 0.871364
644 0.871364
645 0.871364
646 0.871364
647 0.871364
648 0.871364
649 0.871364
650 0.871364
651 0.875
652 0.876818
653 0.876818
654 0.876818
655 0.876818
656 0.878636
657 0.878636
658 0.878636
659 0.878636
660 0.878636
661 0.878636
662 0.878636
663 0.878636
664 0.878636
665 0.880455
666 0.880455
667 0.880455
668 0.880455
669 0.880455
670 0.880455
671 0.880455
672 0.878636
673 0.881818
674 0.894545
675 0.896364
676 0.898182
677 0.898182
678 0.898182
679 0.898182
680 0.9
681 0.9
682 0.9
683 0.9
684 0.9
685 0.9
686 0.9
687 0.898182
688 0.896363
689 0.896363
690 0.896363
691 0.898182
692 0.901818
693 0.901818
694 0.901818
695 0.901818
696 0.901818
697 0.901818
698 0.901818
699 0.901818
700 0.901818
701 0.901818
702 0.901818
703 0.901818
704 0.901818
705 0.9
706 0.9
707 0.9
708 0.9
709 0.9
710 0.9
711 0.9
712 0.898182
713 0.898182
714 0.898182
715 0.898182
716 0.898182
717 0.898182
718 0.898182
719 0.898182
720 0.898182
721 0.898182
722 0.898182
723 0.896363
724 0.896363
725 0.896363
726 0.896363
727 0.893182
728 0.884091
729 0.884091
730 0.884091
731 0.884091
732 0.884091
733 0.882273
734 0.882273
735 0.882273
736 0.882273
737 0.884091
738 0.885909
739 0.885909
740 0.885909
741 0.887727
742 0.887727
743 0.887727
744 0.887727
745 0.885909
746 0.885909
747 0.885909
748 0.885909
749 0.885909
750 0.885909
751 0.885909
752 0.885909
753 0.885909
754 0.885909
755 0.887727
756 0.887727
757 0.887727
758 0.887727
759 0.887727
760 0.887727
761 0.887727
762 0.889545
763 0.889545
764 0.889545
765 0.889545
766 0.889545
767 0.889545
768 0.889545
769 0.889545
770 0.889545
771 0.889545
772 0.891364
773 0.893182
774 0.893182
775 0.893182
776 0.893182
777 0.896364
778 0.905454
779 0.905454
780 0.905454
781 0.905454
782 0.903636
783 0.905454
784 0.905454
785 0.905454
786 0.903636
787 0.903636
788 0.903636
789 0.903636
790 0.903636
791 0.903636
792 0.903636
793 0.903636
794 0.903636
795 0.905454
796 0.903636
797 0.903636
798 0.903636
799 0.903636
800 0.903636
801 0.903636
802 0.903636
803 0.903636
804 0.903636
805 0.903636
806 0.903636
807 0.903636
808 0.901818
809 0.898182
810 0.898182
811 0.898182
812 0.898182
813 0.898182
814 0.898182
815 0.896363
816 0.896363
817 0.896363
818 0.896363
819 0.896363
820 0.896363
821 0.896363
822 0.896363
823 0.896363
824 0.896363
825 0.896363
826 0.896363
827 0.896363
828 0.896363
829 0.896363
830 0.896363
831 0.893182
832 0.885909
833 0.885909
834 0.885909
835 0.885909
836 0.887727
837 0.887727
838 0.887727
839 0.887727
840 0.887727
841 0.887727
842 0.887727
843 0.887727
844 0.887727
845 0.887727
846 0.889545
847 0.889545
848 0.889545
849 0.889545
850 0.889545
851 0.889545
852 0.889545
853 0.889545
854 0.889545
855 0.889545
856 0.889545
857 0.889545
858 0.891364
859 0.895
860 0.895
861 0.895
862 0.895
863 0.895
864 0.895
865 0.896818
866 0.896818
867 0.896818
868 0.896818
869 0.896818
870 0.896818
871 0.896818
872 0.896818
873 0.896818
874 0.896818
875 0.896818
876 0.896818
877 0.896818
878 0.896818
879 0.896818
880 0.896818
881 0.9
882 0.909091
883 0.909091
884 0.909091
885 0.909091
886 0.907273
887 0.907273
888 0.907273
889 0.907273
890 0.907273
891 0.907273
892 0.907273
893 0.907273
894 0.907273
895 0.907273
896 0.907273
897 0.907273
898 0.907273
899 0.907273
900 0.907273
901 0.907273
902 0.905454
903 0.905454
904 0.905454
905 0.905454
906 0.905454
907 0.905454
908 0.905454
909 0.905454
910 0.905454
911 0.905454
912 0.905454
913 0.903636
914 0.903636
915 0.903636
916 0.903636
917 0.903636
918 0.903636
919 0.903636
920 0.903636
921 0.903636
922 0.903636
923 0.903636
924 0.903636
925 0.903636
926 0.903636
927 0.903636
928 0.903636
929 0.903636
930 0.903636
931 0.903636
932 0.903636
933 0.903636
934 0.903455
935 0.900273
936 0.894818
937 0.894818
938 0.894818
939 0.894818
940 0.894818
941 0.894818
942 0.894818
943 0.894818
944 0.894818
945 0.894818
946 0.894818
947 0.894818
948 0.894818
949 0.894818
950 0.894818
951 0.894818
952 0.896636
953 0.896636
954 0.896636
955 0.896636
956 0.896636
957 0.896636
958 0.896636
959 0.896636
960 0.896636
961 0.896636
962 0.896636
963 0.898454
964 0.898454
965 0.898454
966 0.898454
967 0.898454
968 0.898454
969 0.898454
970 0.896636
971 0.896636
972 0.896636
973 0.896636
974 0.896636
975 0.896636
976 0.896636
977 0.896636
978 0.896636
979 0.896636
980 0.896636
981 0.896636
982 0.896636
983 0.896636
984 0.896818
985 0.9
986 0.907273
987 0.907273
988 0.907273
989 0.905454
990 0.905454
991 0.905454
992 0.905454
993 0.905454
994 0.905454
995 0.905454
996 0.903636
997 0.903636
998 0.903636
999 0.903636
1000 0.903636
1001 0.903636
1002 0.903636
1003 0.903636
1004 0.901818
1005 0.901818
1006 0.901818
1007 0.9
1008 0.9
1009 0.9
1010 0.9
1011 0.9
1012 0.9
1013 0.9
1014 0.9
1015 0.9
1016 0.898182
1017 0.898182
1018 0.898182
1019 0.898182
1020 0.9
1021 0.9
1022 0.9
1023 0.9
1024 0.896363
1025 0.896363
1026 0.896363
1027 0.896363
1028 0.896363
1029 0.894545
1030 0.894545
1031 0.894545
1032 0.894545
1033 0.894545
1034 0.892727
1035 0.892727
1036 0.892727
1037 0.892727
1038 0.892545
1039 0.891182
1040 0.883909
1041 0.882091
1042 0.882091
1043 0.882091
1044 0.882091
1045 0.882091
1046 0.883909
1047 0.883909
1048 0.883909
1049 0.883909
1050 0.883909
1051 0.883909
1052 0.883909
1053 0.883909
1054 0.885727
1055 0.885727
1056 0.885727
1057 0.887545
1058 0.887545
1059 0.887545
1060 0.887545
1061 0.887545
1062 0.887545
1063 0.887545
1064 0.887545
1065 0.887545
1066 0.889364
1067 0.889364
1068 0.889364
1069 0.889364
1070 0.889364
1071 0.889364
1072 0.889364
1073 0.889364
1074 0.893
1075 0.893
1076 0.893
1077 0.893
1078 0.893
1079 0.894818
1080 0.894818
1081 0.894818
1082 0.894818
1083 0.894818
1084 0.896636
1085 0.896636
1086 0.896636
1087 0.896636
1088 0.896818
1089 0.9
1090 0.907273
1091 0.909091
1092 0.909091
1093 0.909091
1094 0.909091
1095 0.909091
1096 0.909091
1097 0.909091
1098 0.909091
1099 0.909091
1100 0.907273
1101 0.907273
1102 0.907273
1103 0.907273
1104 0.907273
1105 0.907273
1106 0.907273
1107 0.907273
1108 0.907273
1109 0.907273
1110 0.907273
1111 0.907273
1112 0.907273
1113 0.907273
1114 0.907273
1115 0.907273
1116 0.907273
1117 0.907273
1118 0.907273
1119 0.907273
1120 0.907273
1121 0.907273
1122 0.907273
1123 0.907273
1124 0.907273
1125 0.907273
1126 0.907273
1127 0.907273
1128 0.905455
1129 0.905455
1130 0.905455
1131 0.905455
1132 0.905455
1133 0.905455
1134 0.905455
1135 0.905455
1136 0.905455
1137 0.905455
1138 0.905455
1139 0.905455
1140 0.905455
1141 0.905455
1142 0.905273
1143 0.902091
1144 0.894818
1145 0.894818
1146 0.894818
1147 0.894818
1148 0.894818
1149 0.894818
1150 0.896636
1151 0.896636
1152 0.896636
1153 0.896636
1154 0.896636
1155 0.896636
1156 0.896636
1157 0.896636
1158 0.896636
1159 0.896636
1160 0.896636
1161 0.896636
1162 0.896636
1163 0.896636
1164 0.896636
1165 0.896636
1166 0.896636
1167 0.896636
1168 0.896636
1169 0.896636
1170 0.896636
1171 0.896636
1172 0.896636
1173 0.896636
1174 0.896636
1175 0.896636
1176 0.896636
1177 0.896636
1178 0.898454
1179 0.898454
1180 0.898454
1181 0.898454
1182 0.898454
1183 0.898454
1184 0.898454
1185 0.898454
1186 0.898454
1187 0.898454
1188 0.898454
1189 0.898454
1190 0.898454
1191 0.898454
1192 0.896818
1193 0.9
1194 0.907273
1195 0.907273
1196 0.907273
1197 0.907273
1198 0.907273
1199 0.905454
1200 0.905454
1201 0.905454
1202 0.905454
1203 0.905454
1204 0.905454
1205 0.905454
1206 0.905454
1207 0.905454
1208 0.905454
1209 0.905454
1210 0.905454
1211 0.905454
1212 0.905454
1213 0.905454
1214 0.905454
1215 0.905454
1216 0.905454
1217 0.905454
1218 0.905454
1219 0.905454
1220 0.905454
1221 0.905454
1222 0.905454
1223 0.905454
1224 0.905454
1225 0.905454
1226 0.905454
1227 0.905454
1228 0.905454
1229 0.905454
1230 0.905454
1231 0.905454
1232 0.905454
1233 0.905454
1234 0.905454
1235 0.905454
1236 0.905454
1237 0.905454
1238 0.905454
1239 0.905454
1240 0.905454
1241 0.905454
1242 0.907273
1243 0.907273
1244 0.907273
1245 0.907273
1246 0.907091
1247 0.903909
1248 0.896636
1249 0.898454
1250 0.898454
1251 0.898454
1252 0.898454
1253 0.898454
1254 0.898454
1255 0.898454
1256 0.898454
1257 0.898454
1258 0.898454
1259 0.898454
1260 0.898454
1261 0.898454
1262 0.898454
1263 0.898454
1264 0.898454
1265 0.898454
1266 0.898454
1267 0.898454
1268 0.898454
1269 0.898454
1270 0.898454
1271 0.898454
1272 0.898454
1273 0.898454
1274 0.898454
1275 0.898454
1276 0.898454
1277 0.898454
1278 0.898454
1279 0.898454
1280 0.896636
1281 0.896636
1282 0.896636
1283 0.896636
1284 0.896636
1285 0.896636
1286 0.896636
1287 0.896636
1288 0.896636
1289 0.896636
1290 0.896636
1291 0.896636
1292 0.896636
1293 0.896636
1294 0.896636
1295 0.896636
1296 0.896818
1297 0.9
1298 0.907273
1299 0.907273
1300 0.907273
1301 0.907273
1302 0.907273
1303 0.907273
1304 0.907273
1305 0.907273
1306 0.907273
1307 0.907273
1308 0.907273
1309 0.907273
1310 0.907273
1311 0.907273
1312 0.907273
1313 0.907273
1314 0.907273
1315 0.907273
1316 0.907273
1317 0.907273
1318 0.907273
1319 0.907273
1320 0.907273
1321 0.907273
1322 0.907273
1323 0.907273
1324 0.907273
1325 0.907273
1326 0.907273
1327 0.907273
1328 0.907273
1329 0.907273
1330 0.909091
1331 0.909091
1332 0.907273
1333 0.907273
1334 0.907273
1335 0.907273
1336 0.907273
1337 0.907273
1338 0.907273
1339 0.907273
1340 0.907273
1341 0.907273
1342 0.907273
1343 0.907273
1344 0.907273
1345 0.907273
1346 0.907273
1347 0.907273
1348 0.907273
1349 0.907273
1350 0.907091
1351 0.903909
1352 0.896636
1353 0.896636
1354 0.896636
1355 0.896636
1356 0.896636
1357 0.896636
1358 0.896636
1359 0.896636
1360 0.896636
1361 0.896636
1362 0.896636
1363 0.896636
1364 0.896636
1365 0.896636
1366 0.896636
1367 0.896636
1368 0.896636
1369 0.896636
1370 0.896636
1371 0.896636
1372 0.896636
1373 0.896636
1374 0.896636
1375 0.896636
1376 0.896636
1377 0.896636
1378 0.896636
1379 0.896636
1380 0.896636
1381 0.896636
1382 0.898455
1383 0.898455
1384 0.898455
1385 0.898455
1386 0.898455
1387 0.898455
1388 0.898455
1389 0.898455
1390 0.898455
1391 0.898455
1392 0.898455
1393 0.898455
1394 0.898455
1395 0.898455
1396 0.898455
1397 0.898455
1398 0.898455
1399 0.898455
1400 0.898636
1401 0.901818
1402 0.909091
1403 0.909091
1404 0.909091
1405 0.909091
1406 0.909091
1407 0.909091
1408 0.909091
1409 0.909091
1410 0.909091
1411 0.909091
1412 0.909091
1413 0.909091
1414 0.909091
1415 0.909091
1416 0.909091
1417 0.909091
1418 0.909091
1419 0.909091
1420 0.909091
1421 0.909091
1422 0.909091
1423 0.909091
1424 0.909091
1425 0.909091
1426 0.909091
1427 0.909091
1428 0.909091
1429 0.909091
1430 0.909091
1431 0.909091
1432 0.909091
1433 0.909091
1434 0.909091
1435 0.909091
1436 0.909091
1437 0.909091
1438 0.909091
1439 0.909091
1440 0.909091
1441 0.909091
1442 0.909091
1443 0.909091
1444 0.909091
1445 0.909091
1446 0.909091
1447 0.909091
1448 0.909091
1449 0.909091
1450 0.909091
1451 0.909091
1452 0.909091
1453 0.909091
1454 0.908909
1455 0.905727
1456 0.898455
1457 0.898455
1458 0.898455
1459 0.898455
1460 0.898455
1461 0.898455
1462 0.898455
1463 0.898455
1464 0.898455
1465 0.898455
1466 0.898455
1467 0.898455
1468 0.898455
1469 0.898455
1470 0.898455
1471 0.898455
1472 0.898455
1473 0.898455
1474 0.898455
1475 0.898455
1476 0.898455
1477 0.898455
1478 0.898455
1479 0.898455
1480 0.898455
1481 0.898455
1482 0.898455
1483 0.898455
1484 0.898455
1485 0.898455
1486 0.898455
1487 0.898455
1488 0.898455
1489 0.898455
1490 0.898455
1491 0.898455
1492 0.898455
1493 0.898455
1494 0.898455
1495 0.898455
1496 0.898455
1497 0.898455
1498 0.898455
1499 0.898455
1500 0.898455
1501 0.898455
1502 0.898455
1503 0.898455
1504 0.898636
1505 0.901818
1506 0.909091
1507 0.909091
1508 0.909091
1509 0.909091
1510 0.909091
1511 0.909091
1512 0.909091
1513 0.909091
1514 0.909091
1515 0.907273
1516 0.905455
1517 0.905455
1518 0.905455
1519 0.905455
1520 0.905455
1521 0.905455
1522 0.905455
1523 0.905455
1524 0.905455
1525 0.903636
1526 0.901818
1527 0.901818
1528 0.901818
1529 0.901818
1530 0.901818
1531 0.9
1532 0.898182
1533 0.898182
1534 0.898182
1535 0.898182
1536 0.898182
1537 0.896364
1538 0.896364
1539 0.896364
1540 0.896364
1541 0.896364
1542 0.894545
1543 0.894545
1544 0.892727
1545 0.892727
1546 0.892727
1547 0.892727
1548 0.892727
1549 0.892727
1550 0.892727
1551 0.892727
1552 0.892727
1553 0.892727
1554 0.892727
1555 0.892727
1556 0.892727
1557 0.892727
1558 0.892545
1559 0.889364
1560 0.882091
1561 0.882091
1562 0.882091
1563 0.882091
1564 0.882091
1565 0.883909
1566 0.885727
1567 0.885727
1568 0.885727
1569 0.885727
1570 0.885727
1571 0.885727
1572 0.885727
1573 0.885727
1574 0.885727
1575 0.887545
1576 0.889364
1577 0.889364
1578 0.889364
1579 0.889364
1580 0.889364
1581 0.891182
1582 0.893
1583 0.893
1584 0.893
1585 0.893
1586 0.893
1587 0.894818
1588 0.894818
1589 0.894818
1590 0.894818
1591 0.894818
1592 0.896636
1593 0.896636
1594 0.898455
1595 0.898455
1596 0.898455
1597 0.898455
1598 0.898455
1599 0.898455
1600 0.898455
1601 0.898455
1602 0.898455
1603 0.898455
1604 0.898455
1605 0.898455
1606 0.898455
1607 0.898455
1608 0.898636
1609 0.901818
1610 0.909091
1611 0.909091
1612 0.909091
1613 0.909091
1614 0.909091
1615 0.909091
1616 0.909091
1617 0.909091
1618 0.909091
1619 0.909091
1620 0.909091
1621 0.909091
1622 0.909091
1623 0.909091
1624 0.909091
1625 0.909091
1626 0.909091
1627 0.909091
1628 0.909091
1629 0.909091
1630 0.909091
1631 0.909091
1632 0.909091
1633 0.909091
1634 0.909091
1635 0.909091
1636 0.909091
1637 0.909091
1638 0.909091
1639 0.909091
1640 0.909091
1641 0.909091
1642 0.909091
1643 0.909091
1644 0.909091
1645 0.909091
1646 0.909091
1647 0.909091
1648 0.909091
1649 0.909091
1650 0.909091
1651 0.909091
1652 0.909091
1653 0.909091
1654 0.909091
1655 0.909091
1656 0.909091
1657 0.909091
1658 0.909091
1659 0.909091
1660 0.909091
1661 0.909091
1662 0.908909
1663 0.905727
1664 0.898455
1665 0.898455
1666 0.898455
1667 0.898455
1668 0.898455
1669 0.898455
1670 0.898455
1671 0.898455
1672 0.898455
1673 0.898455
1674 0.898455
1675 0.898455
1676 0.898455
1677 0.898455
1678 0.898455
1679 0.898455
1680 0.898455
1681 0.898455
1682 0.898455
1683 0.898455
1684 0.898455
1685 0.898455
1686 0.898455
1687 0.898455
1688 0.898455
1689 0.898455
1690 0.898455
1691 0.898455
1692 0.898455
1693 0.898455
1694 0.898455
1695 0.898455
1696 0.898455
1697 0.898455
1698 0.898455
1699 0.898455
1700 0.898455
1701 0.898455
1702 0.898455
1703 0.898455
1704 0.898455
1705 0.898455
1706 0.898455
1707 0.898455
1708 0.898455
1709 0.898455
1710 0.898455
1711 0.898455
1712 0.898636
1713 0.901818
1714 0.909091
1715 0.909091
1716 0.909091
1717 0.909091
1718 0.909091
1719 0.909091
1720 0.909091
1721 0.909091
1722 0.909091
1723 0.909091
1724 0.909091
1725 0.909091
1726 0.909091
1727 0.909091
1728 0.909091
1729 0.909091
1730 0.909091
1731 0.909091
1732 0.909091
1733 0.909091
1734 0.909091
1735 0.909091
1736 0.909091
1737 0.909091
1738 0.909091
1739 0.909091
1740 0.909091
1741 0.909091
1742 0.909091
1743 0.909091
1744 0.909091
1745 0.909091
1746 0.909091
1747 0.909091
1748 0.909091
1749 0.909091
1750 0.909091
1751 0.909091
1752 0.909091
1753 0.909091
1754 0.909091
1755 0.909091
1756 0.909091
1757 0.909091
1758 0.909091
1759 0.909091
1760 0.909091
1761 0.909091
1762 0.909091
1763 0.909091
1764 0.909091
1765 0.909091
1766 0.908909
1767 0.905727
1768 0.898454
1769 0.898454
1770 0.898454
1771 0.898454
1772 0.898454
1773 0.898454
1774 0.898454
1775 0.898454
1776 0.898454
1777 0.898454
1778 0.898454
1779 0.898454
1780 0.898454
1781 0.898454
1782 0.898454
1783 0.898454
1784 0.898454
1785 0.898454
1786 0.898454
1787 0.898454
1788 0.898454
1789 0.898454
1790 0.898454
1791 0.898454
1792 0.898454
1793 0.898454
1794 0.898454
1795 0.898454
1796 0.898454
1797 0.898454
1798 0.898454
1799 0.898454
1800 0.898454
1801 0.898454
1802 0.898454
1803 0.898454
1804 0.898454
1805 0.898454
1806 0.898454
1807 0.898454
1808 0.898454
1809 0.898454
1810 0.898454
1811 0.898454
1812 0.898454
1813 0.898454
1814 0.898454
1815 0.898454
1816 0.898636
1817 0.901818
1818 0.909091
1819 0.909091
1820 0.909091
1821 0.909091
1822 0.909091
1823 0.909091
1824 0.909091
1825 0.909091
1826 0.909091
1827 0.909091
1828 0.909091
1829 0.909091
1830 0.909091
1831 0.909091
1832 0.909091
1833 0.909091
1834 0.909091
1835 0.909091
1836 0.909091
1837 0.909091
1838 0.909091
1839 0.909091
1840 0.909091
1841 0.909091
1842 0.909091
1843 0.909091
1844 0.909091
1845 0.909091
1846 0.909091
1847 0.909091
1848 0.909091
1849 0.909091
1850 0.909091
1851 0.909091
1852 0.909091
1853 0.909091
1854 0.909091
1855 0.909091
1856 0.909091
1857 0.909091
1858 0.909091
1859 0.909091
1860 0.909091
1861 0.909091
1862 0.909091
1863 0.909091
1864 0.909091
1865 0.909091
1866 0.909091
1867 0.909091
1868 0.909091
1869 0.909091
1870 0.908909
1871 0.905727
1872 0.898455
1873 0.898455
1874 0.898455
1875 0.898455
1876 0.898455
1877 0.898455
1878 0.898455
1879 0.898455
1880 0.898455
1881 0.898455
1882 0.898455
1883 0.898455
1884 0.898455
1885 0.898455
1886 0.898455
1887 0.898455
1888 0.898455
1889 0.898455
1890 0.898455
1891 0.898455
1892 0.898455
1893 0.898455
1894 0.898455
1895 0.898455
1896 0.898455
1897 0.898455
1898 0.898455
1899 0.898455
1900 0.898455
1901 0.898455
1902 0.898455
1903 0.898455
1904 0.898455
1905 0.898455
1906 0.898455
1907 0.898455
1908 0.898455
1909 0.898455
1910 0.898455
1911 0.898455
1912 0.898455
1913 0.898455
1914 0.898455
1915 0.898455
1916 0.898455
1917 0.898455
1918 0.898455
1919 0.898455
1920 0.898636
1921 0.901818
1922 0.909091
1923 0.909091
1924 0.909091
1925 0.909091
1926 0.909091
1927 0.909091
1928 0.909091
1929 0.909091
1930 0.909091
1931 0.909091
1932 0.909091
1933 0.909091
1934 0.909091
1935 0.909091
1936 0.909091
1937 0.909091
1938 0.909091
1939 0.909091
1940 0.909091
1941 0.909091
1942 0.909091
1943 0.909091
1944 0.909091
1945 0.909091
1946 0.909091
1947 0.909091
1948 0.909091
1949 0.909091
1950 0.909091
1951 0.909091
1952 0.909091
1953 0.909091
1954 0.909091
1955 0.909091
1956 0.909091
1957 0.909091
1958 0.909091
1959 0.909091
1960 0.909091
1961 0.909091
1962 0.909091
1963 0.909091
1964 0.909091
1965 0.909091
1966 0.909091
1967 0.909091
1968 0.909091
1969 0.909091
1970 0.909091
1971 0.909091
1972 0.909091
1973 0.909091
1974 0.908909
1975 0.905727
1976 0.898455
1977 0.898455
1978 0.896636
1979 0.896636
1980 0.896636
1981 0.896636
1982 0.896636
1983 0.896636
1984 0.896636
1985 0.896636
1986 0.896636
1987 0.896636
1988 0.896636
1989 0.896636
1990 0.896636
1991 0.896636
1992 0.896636
1993 0.896636
1994 0.896636
1995 0.896636
1996 0.896636
1997 0.896636
1998 0.896636
1999 0.896636
