0 0.999531
1 0.999062
2 0.994687
3 0.994219
4 0.99375
5 0.993281
6 0.992813
7 0.992344
8 0.991875
9 0.989453
10 0.987031
11 0.986562
12 0.986094
13 0.985625
14 0.985156
15 0.984688
16 0.984219
17 0.979844
18 0.979375
19 0.978906
20 0.978437
21 0.974063
22 0.973594
23 0.973125
24 0.972656
25 0.966328
26 0.965859
27 0.965391
28 0.962969
29 0.9625
30 0.956172
31 0.955703
32 0.955234
33 0.950859
34 0.950391
35 0.946016
36 0.939687
37 0.939219
38 0.93875
39 0.938281
40 0.937813
41 0.937344
42 0.932969
43 0.9325
44 0.932031
45 0.931562
46 0.931094
47 0.930625
48 0.930156
49 0.929688
50 0.929688
51 0.927734
52 0.931641
53 0.931641
54 0.931641
55 0.931641
56 0.929688
57 0.921875
58 0.919922
59 0.921875
60 0.923828
61 0.923828
62 0.923828
63 0.923828
64 0.923828
65 0.921875
66 0.921875
67 0.925781
68 0.925781
69 0.925781
70 0.925781
71 0.921875
72 0.921875
73 0.921875
74 0.921875
75 0.927734
76 0.927734
77 0.927734
78 0.929688
79 0.929688
80 0.935547
81 0.935547
82 0.935547
83 0.939453
84 0.939453
85 0.943359
86 0.949219
87 0.949219
88 0.947266
89 0.947266
90 0.947266
91 0.947266
92 0.945312
93 0.945312
94 0.945312
95 0.945312
96 0.945312
97 0.943359
98 0.935547
99 0.935547
100 0.935547
101 0.9375
102 0.9375
103 0.919922
104 0.919922
105 0.916016
106 0.908203
107 0.90625
108 0.896484
109 0.890625
110 0.886719
111 0.871094
112 0.859375
113 0.847656
114 0.835938
115 0.824219
116 0.820312
117 0.806641
118 0.796875
119 0.785156
120 0.775391
121 0.777344
122 0.775391
123 0.763672
124 0.753906
125 0.746094
126 0.726562
127 0.708984
128 0.699219
129 0.685547
130 0.679688
131 0.669922
132 0.654297
133 0.638672
134 0.623047
135 0.613281
136 0.603516
137 0.591797
138 0.582031
139 0.5625
140 0.548828
141 0.535156
142 0.539062
143 0.527344
144 0.515625
145 0.509766
146 0.501953
147 0.490234
148 0.496094
149 0.484375
150 0.470703
151 0.466797
152 0.464844
153 0.472656
154 0.460938
155 0.457031
156 0.460938
157 0.466797
158 0.466797
159 0.46875
160 0.458984
161 0.455078
162 0.455078
163 0.451172
164 0.460938
165 0.466797
166 0.458984
167 0.466797
168 0.464844
169 0.470703
170 0.46875
171 0.464844
172 0.464844
173 0.466797
174 0.458984
175 0.447266
176 0.457031
177 0.470703
178 0.476562
179 0.476562
180 0.472656
181 0.476562
182 0.478516
183 0.482422
184 0.496094
185 0.494141
186 0.498047
187 0.5
188 0.505859
189 0.521484
190 0.515625
191 0.519531
192 0.505859
193 0.511719
194 0.521484
195 0.509766
196 0.503906
197 0.507812
198 0.498047
199 0.503906
200 0.503906
201 0.494141
202 0.486328
203 0.492188
204 0.486328
205 0.482422
206 0.478516
207 0.462891
208 0.474609
209 0.460938
210 0.458984
211 0.462891
212 0.458984
213 0.460938
214 0.455078
215 0.443359
216 0.4375
217 0.425781
218 0.421875
219 0.414062
220 0.419922
221 0.414062
222 0.402344
223 0.398438
224 0.400391
225 0.412109
226 0.414062
227 0.408203
228 0.394531
229 0.392578
230 0.386719
231 0.376953
232 0.380859
233 0.376953
234 0.367188
235 0.365234
236 0.353516
237 0.345703
238 0.337891
239 0.330078
240 0.335938
241 0.333984
242 0.335938
243 0.324219
244 0.306641
245 0.304688
246 0.310547
247 0.310547
248 0.308594
249 0.298828
250 0.298828
251 0.300781
252 0.304688
253 0.289062
254 0.289062
255 0.289062
256 0.292969
257 0.300781
258 0.283203
259 0.28125
260 0.283203
261 0.287109
262 0.287109
263 0.289062
264 0.279297
265 0.279297
266 0.28125
267 0.283203
268 0.283203
269 0.287109
270 0.283203
271 0.283203
272 0.279297
273 0.283203
274 0.287109
275 0.28125
276 0.28125
277 0.275391
278 0.273438
279 0.271484
280 0.277344
281 0.283203
282 0.28125
283 0.279297
284 0.275391
285 0.28125
286 0.285156
287 0.289062
288 0.298828
289 0.302734
290 0.308594
291 0.306641
292 0.310547
293 0.320312
294 0.320312
295 0.322266
296 0.314453
297 0.3125
298 0.314453
299 0.310547
300 0.308594
301 0.306641
302 0.296875
303 0.300781
304 0.308594
305 0.300781
306 0.291016
307 0.289062
308 0.292969
309 0.296875
310 0.298828
311 0.291016
312 0.304688
313 0.296875
314 0.298828
315 0.298828
316 0.294922
317 0.294922
318 0.294922
319 0.285156
320 0.275391
321 0.277344
322 0.277344
323 0.273438
324 0.271484
325 0.269531
326 0.261719
327 0.263672
328 0.267578
329 0.275391
330 0.269531
331 0.261719
332 0.257812
333 0.259766
334 0.257812
335 0.246094
336 0.242188
337 0.238281
338 0.224609
339 0.212891
340 0.201172
341 0.195312
342 0.185547
343 0.177734
344 0.179688
345 0.183594
346 0.185547
347 0.177734
348 0.169922
349 0.169922
350 0.173828
351 0.169922
352 0.167969
353 0.167969
354 0.162109
355 0.166016
356 0.166016
357 0.160156
358 0.154297
359 0.154297
360 0.15625
361 0.162109
362 0.144531
363 0.144531
364 0.146484
365 0.148438
366 0.152344
367 0.152344
368 0.148438
369 0.148438
370 0.150391
371 0.148438
372 0.150391
373 0.144531
374 0.146484
375 0.144531
376 0.142578
377 0.142578
378 0.142578
379 0.138672
380 0.144531
381 0.144531
382 0.140625
383 0.136719
384 0.140625
385 0.142578
386 0.140625
387 0.138672
388 0.140625
389 0.144531
390 0.144531
391 0.146484
392 0.154297
393 0.160156
394 0.166016
395 0.160156
396 0.15625
397 0.162109
398 0.164062
399 0.166016
400 0.160156
401 0.160156
402 0.160156
403 0.15625
404 0.154297
405 0.150391
406 0.146484
407 0.148438
408 0.150391
409 0.146484
410 0.136719
411 0.132812
412 0.134766
413 0.138672
414 0.134766
415 0.132812
416 0.142578
417 0.138672
418 0.138672
419 0.138672
420 0.138672
421 0.136719
422 0.136719
423 0.136719
424 0.128906
425 0.126953
426 0.125
427 0.123047
428 0.121094
429 0.115234
430 0.105469
431 0.105469
432 0.105469
433 0.115234
434 0.111328
435 0.111328
436 0.111328
437 0.111328
438 0.109375
439 0.105469
440 0.105469
441 0.103516
442 0.0957031
443 0.0859375
444 0.0800781
445 0.0800781
446 0.078125
447 0.0761719
448 0.0742188
449 0.0742188
450 0.0722656
451 0.0703125
452 0.0683594
453 0.0683594
454 0.0703125
455 0.0742188
456 0.0761719
457 0.0742188
458 0.0722656
459 0.0722656
460 0.0722656
461 0.0703125
462 0.0683594
463 0.0664062
464 0.0742188
465 0.0761719
466 0.0625
467 0.0625
468 0.0625
469 0.0625
470 0.0625
471 0.0605469
472 0.0566406
473 0.0566406
474 0.0585938
475 0.0605469
476 0.0605469
477 0.0566406
478 0.0566406
479 0.0585938
480 0.0585938
481 0.0585938
482 0.0585938
483 0.0546875
484 0.0546875
485 0.0527344
486 0.0546875
487 0.0566406
488 0.0585938
489 0.0585938
490 0.0585938
491 0.0585938
492 0.0585938
493 0.0585938
494 0.0566406
495 0.0566406
496 0.0585938
497 0.0625
498 0.0644531
499 0.0625
500 0.0683594
501 0.0800781
502 0.0839844
503 0.0898438
504 0.0878906
505 0.0859375
506 0.0859375
507 0.0859375
508 0.0898438
509 0.0898438
510 0.0898438
511 0.09375
512 0.0976562
513 0.0957031
514 0.0859375
515 0.0839844
516 0.0839844
517 0.0839844
518 0.0859375
519 0.0859375
520 0.0976562
521 0.0996094
522 0.101562
523 0.101562
524 0.0996094
525 0.0976562
526 0.0996094
527 0.0996094
528 0.0976562
529 0.0976562
530 0.0976562
531 0.0957031
532 0.0957031
533 0.0898438
534 0.0878906
535 0.0878906
536 0.0878906
537 0.0957031
538 0.0917969
539 0.0917969
540 0.0917969
541 0.0917969
542 0.0917969
543 0.0917969
544 0.0917969
545 0.0917969
546 0.0898438
547 0.0820312
548 0.0800781
549 0.0800781
550 0.0742188
551 0.0625
552 0.0605469
553 0.0546875
554 0.0527344
555 0.0507812
556 0.0488281
557 0.0488281
558 0.046875
559 0.046875
560 0.046875
561 0.0429688
562 0.0390625
563 0.0390625
564 0.0390625
565 0.0390625
566 0.0390625
567 0.0390625
568 0.0410156
569 0.0410156
570 0.0273438
571 0.0253906
572 0.0234375
573 0.0234375
574 0.0234375
575 0.0234375
576 0.0214844
577 0.0214844
578 0.0253906
579 0.0234375
580 0.0234375
581 0.0234375
582 0.0234375
583 0.0234375
584 0.0234375
585 0.0253906
586 0.0234375
587 0.015625
588 0.015625
589 0.015625
590 0.015625
591 0.015625
592 0.0175781
593 0.0175781
594 0.0175781
595 0.0175781
596 0.0175781
597 0.0175781
598 0.0175781
599 0.0175781
600 0.0175781
601 0.0214844
602 0.0214844
603 0.0214844
604 0.0214844
605 0.0214844
606 0.0234375
607 0.0234375
608 0.0214844
609 0.0214844
610 0.0214844
611 0.0214844
612 0.0214844
613 0.0214844
614 0.0214844
615 0.0234375
616 0.0234375
617 0.0234375
618 0.0195312
619 0.0195312
620 0.0195312
621 0.0195312
622 0.0195312
623 0.0195312
624 0.0332031
625 0.0351562
626 0.0371094
627 0.0371094
628 0.0332031
629 0.0332031
630 0.0351562
631 0.0351562
632 0.0351562
633 0.0351562
634 0.0351562
635 0.0332031
636 0.0332031
637 0.03125
638 0.03125
639 0.03125
640 0.03125
641 0.0351562
642 0.0371094
643 0.0371094
644 0.0371094
645 0.0371094
646 0.0371094
647 0.0371094
648 0.0371094
649 0.0371094
650 0.0371094
651 0.0332031
652 0.03125
653 0.03125
654 0.03125
655 0.03125
656 0.0292969
657 0.0292969
658 0.0292969
659 0.0292969
660 0.0292969
661 0.0292969
662 0.0292969
663 0.0292969
664 0.0292969
665 0.0273438
666 0.0273438
667 0.0273438
668 0.0273438
669 0.0273438
670 0.0273438
671 0.0273438
672 0.0292969
673 0.0292969
674 0.015625
675 0.0136719
676 0.0117188
677 0.0117188
678 0.0117188
679 0.0117188
680 0.00976562
681 0.00976562
682 0.00976562
683 0.00976562
684 0.00976562
685 0.00976562
686 0.00976562
687 0.0117188
688 0.0136719
689 0.0136719
690 0.0136719
691 0.0117188
692 0.0078125
693 0.0078125
694 0.0078125
695 0.0078125
696 0.0078125
697 0.0078125
698 0.0078125
699 0.0078125
700 0.0078125
701 0.0078125
702 0.0078125
703 0.0078125
704 0.0078125
705 0.00976562
706 0.00976562
707 0.00976562
708 0.00976562
709 0.00976562
710 0.00976562
711 0.00976562
712 0.0117188
713 0.0117188
714 0.0117188
715 0.0117188
716 0.0117188
717 0.0117188
718 0.0117188
719 0.0117188
720 0.0117188
721 0.0117188
722 0.0117188
723 0.0136719
724 0.0136719
725 0.0136719
726 0.0136719
727 0.0136719
728 0.0234375
729 0.0234375
730 0.0234375
731 0.0234375
732 0.0234375
733 0.0253906
734 0.0253906
735 0.0253906
736 0.0253906
737 0.0234375
738 0.0214844
739 0.0214844
740 0.0214844
741 0.0195312
742 0.0195312
743 0.0195312
744 0.0195312
745 0.0214844
746 0.0214844
747 0.0214844
748 0.0214844
749 0.0214844
750 0.0214844
751 0.0214844
752 0.0214844
753 0.0214844
754 0.0214844
755 0.0195312
756 0.0195312
757 0.0195312
758 0.0195312
759 0.0195312
760 0.0195312
761 0.0195312
762 0.0175781
763 0.0175781
764 0.0175781
765 0.0175781
766 0.0175781
767 0.0175781
768 0.0175781
769 0.0175781
770 0.0175781
771 0.0175781
772 0.015625
773 0.0136719
774 0.0136719
775 0.0136719
776 0.0136719
777 0.0136719
778 0.00390625
779 0.00390625
780 0.00390625
781 0.00390625
782 0.00585938
783 0.00390625
784 0.00390625
785 0.00390625
786 0.00585938
787 0.00585938
788 0.00585938
789 0.00585938
790 0.00585938
791 0.00585938
792 0.00585938
793 0.00585938
794 0.00585938
795 0.00390625
796 0.00585938
797 0.00585938
798 0.00585938
799 0.00585938
800 0.00585938
801 0.00585938
802 0.00585938
803 0.00585938
804 0.00585938
805 0.00585938
806 0.00585938
807 0.00585938
808 0.0078125
809 0.0117188
810 0.0117188
811 0.0117188
812 0.0117188
813 0.0117188
814 0.0117188
815 0.0136719
816 0.0136719
817 0.0136719
818 0.0136719
819 0.0136719
820 0.0136719
821 0.0136719
822 0.0136719
823 0.0136719
824 0.0136719
825 0.0136719
826 0.0136719
827 0.0136719
828 0.0136719
829 0.0136719
830 0.0136719
831 0.0136719
832 0.0214844
833 0.0214844
834 0.0214844
835 0.0214844
836 0.0195312
837 0.0195312
838 0.0195312
839 0.0195312
840 0.0195312
841 0.0195312
842 0.0195312
843 0.0195312
844 0.0195312
845 0.0195312
846 0.0175781
847 0.0175781
848 0.0175781
849 0.0175781
850 0.0175781
851 0.0175781
852 0.0175781
853 0.0175781
854 0.0175781
855 0.0175781
856 0.0175781
857 0.0175781
858 0.015625
859 0.0117188
860 0.0117188
861 0.0117188
862 0.0117188
863 0.0117188
864 0.0117188
865 0.00976562
866 0.00976562
867 0.00976562
868 0.00976562
869 0.00976562
870 0.00976562
871 0.00976562
872 0.00976562
873 0.00976562
874 0.00976562
875 0.00976562
876 0.00976562
877 0.00976562
878 0.00976562
879 0.00976562
880 0.00976562
881 0.00976562
882 0
883 0
884 0
885 0
886 0.00195312
887 0.00195312
888 0.00195312
889 0.00195312
890 0.00195312
891 0.00195312
892 0.00195312
893 0.00195312
894 0.00195312
895 0.00195312
896 0.00195312
897 0.00195312
898 0.00195312
899 0.00195312
900 0.00195312
901 0.00195312
902 0.00390625
903 0.00390625
904 0.00390625
905 0.00390625
906 0.00390625
907 0.00390625
908 0.00390625
909 0.00390625
910 0.00390625
911 0.00390625
912 0.00390625
913 0.00585938
914 0.00585938
915 0.00585938
916 0.00585938
917 0.00585938
918 0.00585938
919 0.00585938
920 0.00585938
921 0.00585938
922 0.00585938
923 0.00585938
924 0.00585938
925 0.00585938
926 0.00585938
927 0.00585938
928 0.00585938
929 0.00585938
930 0.00585938
931 0.00585938
932 0.00585938
933 0.00585938
934 0.00585938
935 0.00585938
936 0.0117188
937 0.0117188
938 0.0117188
939 0.0117188
940 0.0117188
941 0.0117188
942 0.0117188
943 0.0117188
944 0.0117188
945 0.0117188
946 0.0117188
947 0.0117188
948 0.0117188
949 0.0117188
950 0.0117188
951 0.0117188
952 0.00976562
953 0.00976562
954 0.00976562
955 0.00976562
956 0.00976562
957 0.00976562
958 0.00976562
959 0.00976562
960 0.00976562
961 0.00976562
962 0.00976562
963 0.0078125
964 0.0078125
965 0.0078125
966 0.0078125
967 0.0078125
968 0.0078125
969 0.0078125
970 0.00976562
971 0.00976562
972 0.00976562
973 0.00976562
974 0.00976562
975 0.00976562
976 0.00976562
977 0.00976562
978 0.00976562
979 0.00976562
980 0.00976562
981 0.00976562
982 0.00976562
983 0.00976562
984 0.00976562
985 0.00976562
986 0.00195312
987 0.00195312
988 0.00195312
989 0.00390625
990 0.00390625
991 0.00390625
992 0.00390625
993 0.00390625
994 0.00390625
995 0.00390625
996 0.00585938
997 0.00585938
998 0.00585938
999 0.00585938
1000 0.00585938
1001 0.00585938
1002 0.00585938
1003 0.00585938
1004 0.0078125
1005 0.0078125
1006 0.0078125
1007 0.00976562
1008 0.00976562
1009 0.00976562
1010 0.00976562
1011 0.00976562
1012 0.00976562
1013 0.00976562
1014 0.00976562
1015 0.00976562
1016 0.0117188
1017 0.0117188
1018 0.0117188
1019 0.0117188
1020 0.00976562
1021 0.00976562
1022 0.00976562
1023 0.00976562
1024 0.0136719
1025 0.0136719
1026 0.0136719
1027 0.0136719
1028 0.0136719
1029 0.015625
1030 0.015625
1031 0.015625
1032 0.015625
1033 0.015625
1034 0.0175781
1035 0.0175781
1036 0.0175781
1037 0.0175781
1038 0.0175781
1039 0.015625
1040 0.0234375
1041 0.0253906
1042 0.0253906
1043 0.0253906
1044 0.0253906
1045 0.0253906
1046 0.0234375
1047 0.0234375
1048 0.0234375
1049 0.0234375
1050 0.0234375
1051 0.0234375
1052 0.0234375
1053 0.0234375
1054 0.0214844
1055 0.0214844
1056 0.0214844
1057 0.0195312
1058 0.0195312
1059 0.0195312
1060 0.0195312
1061 0.0195312
1062 0.0195312
1063 0.0195312
1064 0.0195312
1065 0.0195312
1066 0.0175781
1067 0.0175781
1068 0.0175781
1069 0.0175781
1070 0.0175781
1071 0.0175781
1072 0.0175781
1073 0.0175781
1074 0.0136719
1075 0.0136719
1076 0.0136719
1077 0.0136719
1078 0.0136719
1079 0.0117188
1080 0.0117188
1081 0.0117188
1082 0.0117188
1083 0.0117188
1084 0.00976562
1085 0.00976562
1086 0.00976562
1087 0.00976562
1088 0.00976562
1089 0.00976562
1090 0.00195312
1091 0
1092 0
1093 0
1094 0
1095 0
1096 0
1097 0
1098 0
1099 0
1100 0.00195312
1101 0.00195312
1102 0.00195312
1103 0.00195312
1104 0.00195312
1105 0.00195312
1106 0.00195312
1107 0.00195312
1108 0.00195312
1109 0.00195312
1110 0.00195312
1111 0.00195312
1112 0.00195312
1113 0.00195312
1114 0.00195312
1115 0.00195312
1116 0.00195312
1117 0.00195312
1118 0.00195312
1119 0.00195312
1120 0.00195312
1121 0.00195312
1122 0.00195312
1123 0.00195312
1124 0.00195312
1125 0.00195312
1126 0.00195312
1127 0.00195312
1128 0.00390625
1129 0.00390625
1130 0.00390625
1131 0.00390625
1132 0.00390625
1133 0.00390625
1134 0.00390625
1135 0.00390625
1136 0.00390625
1137 0.00390625
1138 0.00390625
1139 0.00390625
1140 0.00390625
1141 0.00390625
1142 0.00390625
1143 0.00390625
1144 0.0117188
1145 0.0117188
1146 0.0117188
1147 0.0117188
1148 0.0117188
1149 0.0117188
1150 0.00976562
1151 0.00976562
1152 0.00976562
1153 0.00976562
1154 0.00976562
1155 0.00976562
1156 0.00976562
1157 0.00976562
1158 0.00976562
1159 0.00976562
1160 0.00976562
1161 0.00976562
1162 0.00976562
1163 0.00976562
1164 0.00976562
1165 0.00976562
1166 0.00976562
1167 0.00976562
1168 0.00976562
1169 0.00976562
1170 0.00976562
1171 0.00976562
1172 0.00976562
1173 0.00976562
1174 0.00976562
1175 0.00976562
1176 0.00976562
1177 0.00976562
1178 0.0078125
1179 0.0078125
1180 0.0078125
1181 0.0078125
1182 0.0078125
1183 0.0078125
1184 0.0078125
1185 0.0078125
1186 0.0078125
1187 0.0078125
1188 0.0078125
1189 0.0078125
1190 0.0078125
1191 0.0078125
1192 0.00976562
1193 0.00976562
1194 0.00195312
1195 0.00195312
1196 0.00195312
1197 0.00195312
1198 0.00195312
1199 0.00390625
1200 0.00390625
1201 0.00390625
1202 0.00390625
1203 0.00390625
1204 0.00390625
1205 0.00390625
1206 0.00390625
1207 0.00390625
1208 0.00390625
1209 0.00390625
1210 0.00390625
1211 0.00390625
1212 0.00390625
1213 0.00390625
1214 0.00390625
1215 0.00390625
1216 0.00390625
1217 0.00390625
1218 0.00390625
1219 0.00390625
1220 0.00390625
1221 0.00390625
1222 0.00390625
1223 0.00390625
1224 0.00390625
1225 0.00390625
1226 0.00390625
1227 0.00390625
1228 0.00390625
1229 0.00390625
1230 0.00390625
1231 0.00390625
1232 0.00390625
1233 0.00390625
1234 0.00390625
1235 0.00390625
1236 0.00390625
1237 0.00390625
1238 0.00390625
1239 0.00390625
1240 0.00390625
1241 0.00390625
1242 0.00195312
1243 0.00195312
1244 0.00195312
1245 0.00195312
1246 0.00195312
1247 0.00195312
1248 0.00976562
1249 0.0078125
1250 0.0078125
1251 0.0078125
1252 0.0078125
1253 0.0078125
1254 0.0078125
1255 0.0078125
1256 0.0078125
1257 0.0078125
1258 0.0078125
1259 0.0078125
1260 0.0078125
1261 0.0078125
1262 0.0078125
1263 0.0078125
1264 0.0078125
1265 0.0078125
1266 0.0078125
1267 0.0078125
1268 0.0078125
1269 0.0078125
1270 0.0078125
1271 0.0078125
1272 0.0078125
1273 0.0078125
1274 0.0078125
1275 0.0078125
1276 0.0078125
1277 0.0078125
1278 0.0078125
1279 0.0078125
1280 0.00976562
1281 0.00976562
1282 0.00976562
1283 0.00976562
1284 0.00976562
1285 0.00976562
1286 0.00976562
1287 0.00976562
1288 0.00976562
1289 0.00976562
1290 0.00976562
1291 0.00976562
1292 0.00976562
1293 0.00976562
1294 0.00976562
1295 0.00976562
1296 0.00976562
1297 0.00976562
1298 0.00195312
1299 0.00195312
1300 0.00195312
1301 0.00195312
1302 0.00195312
1303 0.00195312
1304 0.00195312
1305 0.00195312
1306 0.00195312
1307 0.00195312
1308 0.00195312
1309 0.00195312
1310 0.00195312
1311 0.00195312
1312 0.00195312
1313 0.00195312
1314 0.00195312
1315 0.00195312
1316 0.00195312
1317 0.00195312
1318 0.00195312
1319 0.00195312
1320 0.00195312
1321 0.00195312
1322 0.00195312
1323 0.00195312
1324 0.00195312
1325 0.00195312
1326 0.00195312
1327 0.00195312
1328 0.00195312
1329 0.00195312
1330 0
1331 0
1332 0.00195312
1333 0.00195312
1334 0.00195312
1335 0.00195312
1336 0.00195312
1337 0.00195312
1338 0.00195312
1339 0.00195312
1340 0.00195312
1341 0.00195312
1342 0.00195312
1343 0.00195312
1344 0.00195312
1345 0.00195312
1346 0.00195312
1347 0.00195312
1348 0.00195312
1349 0.00195312
1350 0.00195312
1351 0.00195312
1352 0.00976562
1353 0.00976562
1354 0.00976562
1355 0.00976562
1356 0.00976562
1357 0.00976562
1358 0.00976562
1359 0.00976562
1360 0.00976562
1361 0.00976562
1362 0.00976562
1363 0.00976562
1364 0.00976562
1365 0.00976562
1366 0.00976562
1367 0.00976562
1368 0.00976562
1369 0.00976562
1370 0.00976562
1371 0.00976562
1372 0.00976562
1373 0.00976562
1374 0.00976562
1375 0.00976562
1376 0.00976562
1377 0.00976562
1378 0.00976562
1379 0.00976562
1380 0.00976562
1381 0.00976562
1382 0.0078125
1383 0.0078125
1384 0.0078125
1385 0.0078125
1386 0.0078125
1387 0.0078125
1388 0.0078125
1389 0.0078125
1390 0.0078125
1391 0.0078125
1392 0.0078125
1393 0.0078125
1394 0.0078125
1395 0.0078125
1396 0.0078125
1397 0.0078125
1398 0.0078125
1399 0.0078125
1400 0.0078125
1401 0.0078125
1402 0
1403 0
1404 0
1405 0
1406 0
1407 0
1408 0
1409 0
1410 0
1411 0
1412 0
1413 0
1414 0
1415 0
1416 0
1417 0
1418 0
1419 0
1420 0
1421 0
1422 0
1423 0
1424 0
1425 0
1426 0
1427 0
1428 0
1429 0
1430 0
1431 0
1432 0
1433 0
1434 0
1435 0
1436 0
1437 0
1438 0
1439 0
1440 0
1441 0
1442 0
1443 0
1444 0
1445 0
1446 0
1447 0
1448 0
1449 0
1450 0
1451 0
1452 0
1453 0
1454 0
1455 0
1456 0.0078125
1457 0.0078125
1458 0.0078125
1459 0.0078125
1460 0.0078125
1461 0.0078125
1462 0.0078125
1463 0.0078125
1464 0.0078125
1465 0.0078125
1466 0.0078125
1467 0.0078125
1468 0.0078125
1469 0.0078125
1470 0.0078125
1471 0.0078125
1472 0.0078125
1473 0.0078125
1474 0.0078125
1475 0.0078125
1476 0.0078125
1477 0.0078125
1478 0.0078125
1479 0.0078125
1480 0.0078125
1481 0.0078125
1482 0.0078125
1483 0.0078125
1484 0.0078125
1485 0.0078125
1486 0.0078125
1487 0.0078125
1488 0.0078125
1489 0.0078125
1490 0.0078125
1491 0.0078125
1492 0.0078125
1493 0.0078125
1494 0.0078125
1495 0.0078125
1496 0.0078125
1497 0.0078125
1498 0.0078125
1499 0.0078125
1500 0.0078125
1501 0.0078125
1502 0.0078125
1503 0.0078125
1504 0.0078125
1505 0.0078125
1506 0
1507 0
1508 0
1509 0
1510 0
1511 0
1512 0
1513 0
1514 0
1515 0.00195312
1516 0.00390625
1517 0.00390625
1518 0.00390625
1519 0.00390625
1520 0.00390625
1521 0.00390625
1522 0.00390625
1523 0.00390625
1524 0.00390625
1525 0.00585938
1526 0.0078125
1527 0.0078125
1528 0.0078125
1529 0.0078125
1530 0.0078125
1531 0.00976562
1532 0.0117188
1533 0.0117188
1534 0.0117188
1535 0.0117188
1536 0.0117188
1537 0.0136719
1538 0.0136719
1539 0.0136719
1540 0.0136719
1541 0.0136719
1542 0.015625
1543 0.015625
1544 0.0175781
1545 0.0175781
1546 0.0175781
1547 0.0175781
1548 0.0175781
1549 0.0175781
1550 0.0175781
1551 0.0175781
1552 0.0175781
1553 0.0175781
1554 0.0175781
1555 0.0175781
1556 0.0175781
1557 0.0175781
1558 0.0175781
1559 0.0175781
1560 0.0253906
1561 0.0253906
1562 0.0253906
1563 0.0253906
1564 0.0253906
1565 0.0234375
1566 0.0214844
1567 0.0214844
1568 0.0214844
1569 0.0214844
1570 0.0214844
1571 0.0214844
1572 0.0214844
1573 0.0214844
1574 0.0214844
1575 0.0195312
1576 0.0175781
1577 0.0175781
1578 0.0175781
1579 0.0175781
1580 0.0175781
1581 0.015625
1582 0.0136719
1583 0.0136719
1584 0.0136719
1585 0.0136719
1586 0.0136719
1587 0.0117188
1588 0.0117188
1589 0.0117188
1590 0.0117188
1591 0.0117188
1592 0.00976562
1593 0.00976562
1594 0.0078125
1595 0.0078125
1596 0.0078125
1597 0.0078125
1598 0.0078125
1599 0.0078125
1600 0.0078125
1601 0.0078125
1602 0.0078125
1603 0.0078125
1604 0.0078125
1605 0.0078125
1606 0.0078125
1607 0.0078125
1608 0.0078125
1609 0.0078125
1610 0
1611 0
1612 0
1613 0
1614 0
1615 0
1616 0
1617 0
1618 0
1619 0
1620 0
1621 0
1622 0
1623 0
1624 0
1625 0
1626 0
1627 0
1628 0
1629 0
1630 0
1631 0
1632 0
1633 0
1634 0
1635 0
1636 0
1637 0
1638 0
1639 0
1640 0
1641 0
1642 0
1643 0
1644 0
1645 0
1646 0
1647 0
1648 0
1649 0
1650 0
1651 0
1652 0
1653 0
1654 0
1655 0
1656 0
1657 0
1658 0
1659 0
1660 0
1661 0
1662 0
1663 0
1664 0.0078125
1665 0.0078125
1666 0.0078125
1667 0.0078125
1668 0.0078125
1669 0.0078125
1670 0.0078125
1671 0.0078125
1672 0.0078125
1673 0.0078125
1674 0.0078125
1675 0.0078125
1676 0.0078125
1677 0.0078125
1678 0.0078125
1679 0.0078125
1680 0.0078125
1681 0.0078125
1682 0.0078125
1683 0.0078125
1684 0.0078125
1685 0.0078125
1686 0.0078125
1687 0.0078125
1688 0.0078125
1689 0.0078125
1690 0.0078125
1691 0.0078125
1692 0.0078125
1693 0.0078125
1694 0.0078125
1695 0.0078125
1696 0.0078125
1697 0.0078125
1698 0.0078125
1699 0.0078125
1700 0.0078125
1701 0.0078125
1702 0.0078125
1703 0.0078125
1704 0.0078125
1705 0.0078125
1706 0.0078125
1707 0.0078125
1708 0.0078125
1709 0.0078125
1710 0.0078125
1711 0.0078125
1712 0.0078125
1713 0.0078125
1714 0
1715 0
1716 0
1717 0
1718 0
1719 0
1720 0
1721 0
1722 0
1723 0
1724 0
1725 0
1726 0
1727 0
1728 0
1729 0
1730 0
1731 0
1732 0
1733 0
1734 0
1735 0
1736 0
1737 0
1738 0
1739 0
1740 0
1741 0
1742 0
1743 0
1744 0
1745 0
1746 0
1747 0
1748 0
1749 0
1750 0
1751 0
1752 0
1753 0
1754 0
1755 0
1756 0
1757 0
1758 0
1759 0
1760 0
1761 0
1762 0
1763 0
1764 0
1765 0
1766 0
1767 0
1768 0.0078125
1769 0.0078125
1770 0.0078125
1771 0.0078125
1772 0.0078125
1773 0.0078125
1774 0.0078125
1775 0.0078125
1776 0.0078125
1777 0.0078125
1778 0.0078125
1779 0.0078125
1780 0.0078125
1781 0.0078125
1782 0.0078125
1783 0.0078125
1784 0.0078125
1785 0.0078125
1786 0.0078125
1787 0.0078125
1788 0.0078125
1789 0.0078125
1790 0.0078125
1791 0.0078125
1792 0.0078125
1793 0.0078125
1794 0.0078125
1795 0.0078125
1796 0.0078125
1797 0.0078125
1798 0.0078125
1799 0.0078125
1800 0.0078125
1801 0.0078125
1802 0.0078125
1803 0.0078125
1804 0.0078125
1805 0.0078125
1806 0.0078125
1807 0.0078125
1808 0.0078125
1809 0.0078125
1810 0.0078125
1811 0.0078125
1812 0.0078125
1813 0.0078125
1814 0.0078125
1815 0.0078125
1816 0.0078125
1817 0.0078125
1818 0
1819 0
1820 0
1821 0
1822 0
1823 0
1824 0
1825 0
1826 0
1827 0
1828 0
1829 0
1830 0
1831 0
1832 0
1833 0
1834 0
1835 0
1836 0
1837 0
1838 0
1839 0
1840 0
1841 0
1842 0
1843 0
1844 0
1845 0
1846 0
1847 0
1848 0
1849 0
1850 0
1851 0
1852 0
1853 0
1854 0
1855 0
1856 0
1857 0
1858 0
1859 0
1860 0
1861 0
1862 0
1863 0
1864 0
1865 0
1866 0
1867 0
1868 0
1869 0
1870 0
1871 0
1872 0.0078125
1873 0.0078125
1874 0.0078125
1875 0.0078125
1876 0.0078125
1877 0.0078125
1878 0.0078125
1879 0.0078125
1880 0.0078125
1881 0.0078125
1882 0.0078125
1883 0.0078125
1884 0.0078125
1885 0.0078125
1886 0.0078125
1887 0.0078125
1888 0.0078125
1889 0.0078125
1890 0.0078125
1891 0.0078125
1892 0.0078125
1893 0.0078125
1894 0.0078125
1895 0.0078125
1896 0.0078125
1897 0.0078125
1898 0.0078125
1899 0.0078125
1900 0.0078125
1901 0.0078125
1902 0.0078125
1903 0.0078125
1904 0.0078125
1905 0.0078125
1906 0.0078125
1907 0.0078125
1908 0.0078125
1909 0.0078125
1910 0.0078125
1911 0.0078125
1912 0.0078125
1913 0.0078125
1914 0.0078125
1915 0.0078125
1916 0.0078125
1917 0.0078125
1918 0.0078125
1919 0.0078125
1920 0.0078125
1921 0.0078125
1922 0
1923 0
1924 0
1925 0
1926 0
1927 0
1928 0
1929 0
1930 0
1931 0
1932 0
1933 0
1934 0
1935 0
1936 0
1937 0
1938 0
1939 0
1940 0
1941 0
1942 0
1943 0
1944 0
1945 0
1946 0
1947 0
1948 0
1949 0
1950 0
1951 0
1952 0
1953 0
1954 0
1955 0
1956 0
1957 0
1958 0
1959 0
1960 0
1961 0
1962 0
1963 0
1964 0
1965 0
1966 0
1967 0
1968 0
1969 0
1970 0
1971 0
1972 0
1973 0
1974 0
1975 0
1976 0.0078125
1977 0.0078125
1978 0.00976562
1979 0.00976562
1980 0.00976562
1981 0.00976562
1982 0.00976562
1983 0.00976562
1984 0.00976562
1985 0.00976562
1986 0.00976562
1987 0.00976562
1988 0.00976562
1989 0.00976562
1990 0.00976562
1991 0.00976562
1992 0.00976562
1993 0.00976562
1994 0.00976562
1995 0.00976562
1996 0.00976562
1997 0.00976562
1998 0.00976562
1999 0.00976562
