0 0
1 0
2 0
3 0.00363636
4 0.00363636
5 0.00727273
6 0.00909091
7 0.00909091
8 0.00909091
9 0.00909091
10 0.0109091
11 0.0127273
12 0.0127273
13 0.0145455
14 0.0145455
15 0.0145455
16 0.0145455
17 0.0145455
18 0.0145455
19 0.02
20 0.02
21 0.0218182
22 0.0236364
23 0.0254545
24 0.0254545
25 0.0290909
26 0.0290909
27 0.0290909
28 0.0290909
29 0.0290909
30 0.0290909
31 0.0290909
32 0.0290909
33 0.0290909
34 0.0290909
35 0.0290909
36 0.0290909
37 0.0290909
38 0.0345455
39 0.0345455
40 0.0454545
41 0.0527273
42 0.0527273
43 0.0527273
44 0.0527273
45 0.0527273
46 0.0527273
47 0.0527273
48 0.0527273
49 0.0527273
50 0.0527273
51 0.0527273
52 0.0527273
53 0.0490909
54 0.0527273
55 0.0490909
56 0.0472727
57 0.0472727
58 0.0472727
59 0.0472727
60 0.0545455
61 0.0581818
62 0.0581818
63 0.06
64 0.06
65 0.06
66 0.06
67 0.06
68 0.06
69 0.0545455
70 0.0545455
71 0.0527273
72 0.0509091
73 0.0490909
74 0.0490909
75 0.0454545
76 0.0454545
77 0.0454545
78 0.0454545
79 0.0454545
80 0.0454545
81 0.0509091
82 0.0509091
83 0.0509091
84 0.0563636
85 0.0563636
86 0.0563636
87 0.0563636
88 0.0527273
89 0.0545455
90 0.0454545
91 0.0381818
92 0.0381818
93 0.0381818
94 0.0381818
95 0.04
96 0.04
97 0.04
98 0.04
99 0.04
100 0.04
101 0.04
102 0.0490909
103 0.0540909
104 0.0504545
105 0.0504545
106 0.0613636
107 0.0704545
108 0.0813636
109 0.0886364
110 0.0922727
111 0.0995454
112 0.103182
113 0.110455
114 0.117727
115 0.134091
116 0.145
117 0.152273
118 0.157727
119 0.166818
120 0.166818
121 0.175909
122 0.188636
123 0.201364
124 0.212273
125 0.221364
126 0.239545
127 0.246818
128 0.255909
129 0.266818
130 0.279545
131 0.279545
132 0.285
133 0.292273
134 0.290455
135 0.295909
136 0.297727
137 0.310455
138 0.315909
139 0.321364
140 0.321364
141 0.335909
142 0.343182
143 0.359545
144 0.374091
145 0.388636
146 0.395909
147 0.401364
148 0.412273
149 0.421364
150 0.423182
151 0.432273
152 0.437727
153 0.436364
154 0.438182
155 0.449091
156 0.445454
157 0.450909
158 0.452727
159 0.450909
160 0.445455
161 0.436364
162 0.441818
163 0.445455
164 0.454545
165 0.452727
166 0.449091
167 0.458182
168 0.467273
169 0.465455
170 0.469091
171 0.467273
172 0.461818
173 0.456364
174 0.458182
175 0.461818
176 0.454545
177 0.452727
178 0.454545
179 0.454545
180 0.443636
181 0.447273
182 0.456364
183 0.46
184 0.461818
185 0.470909
186 0.472727
187 0.474545
188 0.483636
189 0.487273
190 0.492727
191 0.490909
192 0.487273
193 0.485455
194 0.485455
195 0.481818
196 0.483636
197 0.490909
198 0.481818
199 0.48
200 0.481818
201 0.481818
202 0.478182
203 0.483636
204 0.485455
205 0.490909
206 0.498182
207 0.49697
208 0.484242
209 0.49697
210 0.506061
211 0.513333
212 0.522424
213 0.524242
214 0.526061
215 0.527879
216 0.529697
217 0.527879
218 0.529697
219 0.540606
220 0.555151
221 0.558788
222 0.558788
223 0.558788
224 0.558788
225 0.558788
226 0.566061
227 0.575151
228 0.57697
229 0.584242
230 0.598788
231 0.602424
232 0.602424
233 0.607879
234 0.61697
235 0.61697
236 0.629697
237 0.631515
238 0.622424
239 0.622424
240 0.629697
241 0.627879
242 0.63697
243 0.629697
244 0.627879
245 0.627879
246 0.627879
247 0.633333
248 0.647879
249 0.655151
250 0.660606
251 0.660606
252 0.662424
253 0.669697
254 0.678788
255 0.675151
256 0.67697
257 0.674545
258 0.685454
259 0.681818
260 0.683636
261 0.689091
262 0.685454
263 0.681818
264 0.674545
265 0.665454
266 0.663636
267 0.667273
268 0.667273
269 0.665454
270 0.661818
271 0.669091
272 0.678182
273 0.681818
274 0.685454
275 0.685454
276 0.676364
277 0.676364
278 0.676364
279 0.674545
280 0.672727
281 0.672727
282 0.667273
283 0.663636
284 0.654545
285 0.649091
286 0.649091
287 0.650909
288 0.654545
289 0.654545
290 0.645455
291 0.647273
292 0.649091
293 0.654546
294 0.652727
295 0.654545
296 0.658182
297 0.658182
298 0.656364
299 0.66
300 0.667273
301 0.674546
302 0.667273
303 0.658182
304 0.654545
305 0.652727
306 0.649091
307 0.652727
308 0.658182
309 0.661818
310 0.66
311 0.653636
312 0.639091
313 0.640909
314 0.648182
315 0.659091
316 0.67
317 0.666364
318 0.666364
319 0.666364
320 0.666364
321 0.664546
322 0.666364
323 0.67
324 0.67
325 0.67
326 0.668182
327 0.664546
328 0.668182
329 0.666364
330 0.668182
331 0.67
332 0.679091
333 0.684545
334 0.697273
335 0.704545
336 0.706364
337 0.706364
338 0.711818
339 0.717273
340 0.728182
341 0.731818
342 0.728182
343 0.73
344 0.737273
345 0.737273
346 0.742727
347 0.739091
348 0.740909
349 0.739091
350 0.731818
351 0.733636
352 0.744545
353 0.755454
354 0.759091
355 0.766363
356 0.771818
357 0.775454
358 0.771818
359 0.77
360 0.77
361 0.778182
362 0.792727
363 0.792727
364 0.792727
365 0.790909
366 0.790909
367 0.792727
368 0.787273
369 0.787273
370 0.783636
371 0.783636
372 0.783636
373 0.787273
374 0.789091
375 0.794545
376 0.805454
377 0.809091
378 0.809091
379 0.809091
380 0.809091
381 0.812727
382 0.810909
383 0.810909
384 0.809091
385 0.809091
386 0.803636
387 0.801818
388 0.8
389 0.796363
390 0.796363
391 0.798182
392 0.803636
393 0.805454
394 0.803636
395 0.801818
396 0.798182
397 0.801818
398 0.801818
399 0.803636
400 0.812727
401 0.812727
402 0.814545
403 0.814545
404 0.82
405 0.82
406 0.818182
407 0.812727
408 0.812727
409 0.812727
410 0.812727
411 0.812727
412 0.816363
413 0.82
414 0.818182
415 0.811818
416 0.793636
417 0.793636
418 0.800909
419 0.802727
420 0.81
421 0.81
422 0.81
423 0.81
424 0.81
425 0.81
426 0.81
427 0.813636
428 0.813636
429 0.817272
430 0.815454
431 0.81
432 0.808182
433 0.806363
434 0.808182
435 0.808182
436 0.813636
437 0.815454
438 0.819091
439 0.822727
440 0.824545
441 0.824545
442 0.826363
443 0.828182
444 0.83
445 0.831818
446 0.83
447 0.828182
448 0.828182
449 0.828182
450 0.828182
451 0.828182
452 0.828182
453 0.828182
454 0.824545
455 0.822727
456 0.822727
457 0.826364
458 0.831818
459 0.831818
460 0.833636
461 0.833636
462 0.831818
463 0.83
464 0.831818
465 0.838182
466 0.854545
467 0.854545
468 0.854545
469 0.854545
470 0.852727
471 0.854545
472 0.849091
473 0.849091
474 0.847273
475 0.847273
476 0.847273
477 0.845454
478 0.845454
479 0.845454
480 0.849091
481 0.852727
482 0.854545
483 0.854545
484 0.852727
485 0.852727
486 0.852727
487 0.850909
488 0.847273
489 0.849091
490 0.849091
491 0.847273
492 0.845454
493 0.843636
494 0.843636
495 0.847273
496 0.852727
497 0.854545
498 0.854545
499 0.852727
500 0.84
501 0.829091
502 0.821818
503 0.818182
504 0.816364
505 0.812727
506 0.812727
507 0.810909
508 0.807273
509 0.807273
510 0.805454
511 0.801818
512 0.8
513 0.8
514 0.794545
515 0.794545
516 0.796363
517 0.798182
518 0.794545
519 0.786363
520 0.77
521 0.768182
522 0.771818
523 0.771818
524 0.773636
525 0.773636
526 0.773636
527 0.775454
528 0.777273
529 0.775454
530 0.775454
531 0.777273
532 0.777273
533 0.779091
534 0.780909
535 0.780909
536 0.780909
537 0.782727
538 0.786363
539 0.786363
540 0.786363
541 0.788182
542 0.79
543 0.791818
544 0.791818
545 0.791818
546 0.791818
547 0.791818
548 0.793636
549 0.79
550 0.802727
551 0.811818
552 0.819091
553 0.822727
554 0.828182
555 0.833636
556 0.835455
557 0.839091
558 0.840909
559 0.842727
560 0.844546
561 0.846364
562 0.85
563 0.851818
564 0.857273
565 0.859091
566 0.859091
567 0.857273
568 0.860909
569 0.869091
570 0.887273
571 0.889091
572 0.890909
573 0.889091
574 0.889091
575 0.885455
576 0.883636
577 0.883636
578 0.88
579 0.881818
580 0.881818
581 0.881818
582 0.883636
583 0.883636
584 0.883636
585 0.885455
586 0.885455
587 0.883636
588 0.883636
589 0.883636
590 0.883636
591 0.883636
592 0.883636
593 0.883636
594 0.883636
595 0.883636
596 0.881818
597 0.881818
598 0.881818
599 0.887273
600 0.887273
601 0.889091
602 0.889091
603 0.889091
604 0.889091
605 0.887273
606 0.887273
607 0.887273
608 0.889091
609 0.887273
610 0.885454
611 0.887273
612 0.887273
613 0.887273
614 0.887273
615 0.887273
616 0.887273
617 0.889091
618 0.887273
619 0.887273
620 0.887273
621 0.887273
622 0.887273
623 0.880909
624 0.862727
625 0.866364
626 0.866364
627 0.866364
628 0.87
629 0.87
630 0.87
631 0.87
632 0.87
633 0.87
634 0.87
635 0.87
636 0.87
637 0.871818
638 0.87
639 0.87
640 0.87
641 0.87
642 0.868182
643 0.866363
644 0.864545
645 0.864545
646 0.866363
647 0.866363
648 0.866363
649 0.866363
650 0.864545
651 0.864545
652 0.864545
653 0.864545
654 0.864545
655 0.866363
656 0.866363
657 0.866363
658 0.866363
659 0.868182
660 0.87
661 0.87
662 0.868182
663 0.868182
664 0.868182
665 0.868182
666 0.868182
667 0.868182
668 0.87
669 0.87
670 0.87
671 0.87
672 0.87
673 0.878182
674 0.896363
675 0.896363
676 0.898182
677 0.896363
678 0.896363
679 0.896363
680 0.896363
681 0.896363
682 0.896363
683 0.896363
684 0.896363
685 0.896363
686 0.896363
687 0.896363
688 0.898182
689 0.896363
690 0.896363
691 0.896363
692 0.896363
693 0.898182
694 0.9
695 0.9
696 0.9
697 0.9
698 0.9
699 0.9
700 0.9
701 0.9
702 0.9
703 0.9
704 0.898182
705 0.898182
706 0.898182
707 0.898182
708 0.898182
709 0.896363
710 0.896363
711 0.896363
712 0.898182
713 0.894545
714 0.894545
715 0.892727
716 0.892727
717 0.892727
718 0.892727
719 0.892727
720 0.892727
721 0.892727
722 0.892727
723 0.892727
724 0.892727
725 0.892727
726 0.892727
727 0.886364
728 0.868182
729 0.868182
730 0.868182
731 0.868182
732 0.868182
733 0.866364
734 0.864545
735 0.864545
736 0.862727
737 0.862727
738 0.862727
739 0.864545
740 0.864545
741 0.864545
742 0.866364
743 0.866364
744 0.866364
745 0.866364
746 0.866364
747 0.866364
748 0.866364
749 0.866364
750 0.868182
751 0.868182
752 0.868182
753 0.868182
754 0.87
755 0.87
756 0.87
757 0.87
758 0.87
759 0.87
760 0.87
761 0.87
762 0.868182
763 0.871818
764 0.871818
765 0.873636
766 0.873636
767 0.873636
768 0.873636
769 0.871818
770 0.871818
771 0.871818
772 0.871818
773 0.87
774 0.87
775 0.87
776 0.87
777 0.876364
778 0.894545
779 0.894545
780 0.894545
781 0.894545
782 0.894545
783 0.896364
784 0.898182
785 0.898182
786 0.9
787 0.9
788 0.9
789 0.9
790 0.9
791 0.9
792 0.9
793 0.9
794 0.9
795 0.9
796 0.9
797 0.9
798 0.9
799 0.9
800 0.9
801 0.9
802 0.9
803 0.9
804 0.898182
805 0.898182
806 0.898182
807 0.898182
808 0.898182
809 0.9
810 0.9
811 0.9
812 0.901818
813 0.9
814 0.9
815 0.9
816 0.9
817 0.896364
818 0.896364
819 0.898182
820 0.898182
821 0.898182
822 0.898182
823 0.9
824 0.9
825 0.9
826 0.9
827 0.901818
828 0.901818
829 0.901818
830 0.9
831 0.891818
832 0.873636
833 0.873636
834 0.873636
835 0.873636
836 0.873636
837 0.871818
838 0.871818
839 0.871818
840 0.871818
841 0.871818
842 0.871818
843 0.871818
844 0.871818
845 0.871818
846 0.871818
847 0.868182
848 0.868182
849 0.868182
850 0.868182
851 0.868182
852 0.868182
853 0.868182
854 0.87
855 0.87
856 0.87
857 0.87
858 0.87
859 0.87
860 0.87
861 0.87
862 0.87
863 0.871818
864 0.871818
865 0.871818
866 0.87
867 0.873636
868 0.873636
869 0.873636
870 0.873636
871 0.873636
872 0.873636
873 0.873636
874 0.873636
875 0.873636
876 0.873636
877 0.873636
878 0.873636
879 0.871818
880 0.873636
881 0.881818
882 0.9
883 0.9
884 0.9
885 0.9
886 0.9
887 0.9
888 0.9
889 0.9
890 0.9
891 0.9
892 0.9
893 0.9
894 0.9
895 0.9
896 0.9
897 0.903636
898 0.903636
899 0.903636
900 0.903636
901 0.903636
902 0.903636
903 0.903636
904 0.903636
905 0.903636
906 0.903636
907 0.903636
908 0.901818
909 0.901818
910 0.901818
911 0.901818
912 0.901818
913 0.901818
914 0.901818
915 0.901818
916 0.903636
917 0.903636
918 0.903636
919 0.903636
920 0.903636
921 0.903636
922 0.903636
923 0.903636
924 0.903636
925 0.903636
926 0.903636
927 0.903636
928 0.903636
929 0.905454
930 0.905454
931 0.905454
932 0.905454
933 0.905454
934 0.905454
935 0.897273
936 0.879091
937 0.880909
938 0.880909
939 0.880909
940 0.880909
941 0.880909
942 0.880909
943 0.880909
944 0.880909
945 0.879091
946 0.879091
947 0.879091
948 0.879091
949 0.879091
950 0.879091
951 0.879091
952 0.879091
953 0.879091
954 0.879091
955 0.879091
956 0.879091
957 0.879091
958 0.880909
959 0.880909
960 0.880909
961 0.880909
962 0.880909
963 0.880909
964 0.880909
965 0.880909
966 0.880909
967 0.880909
968 0.880909
969 0.880909
970 0.880909
971 0.880909
972 0.880909
973 0.880909
974 0.880909
975 0.880909
976 0.880909
977 0.880909
978 0.880909
979 0.880909
980 0.880909
981 0.880909
982 0.880909
983 0.880909
984 0.880909
985 0.889091
986 0.907273
987 0.905454
988 0.905454
989 0.905454
990 0.905454
991 0.905454
992 0.905454
993 0.905454
994 0.905454
995 0.907273
996 0.907273
997 0.907273
998 0.907273
999 0.907273
1000 0.907273
1001 0.907273
1002 0.907273
1003 0.907273
1004 0.907273
1005 0.907273
1006 0.907273
1007 0.907273
1008 0.905454
1009 0.905454
1010 0.905454
1011 0.905454
1012 0.903636
1013 0.901818
1014 0.901818
1015 0.9
1016 0.9
1017 0.9
1018 0.898182
1019 0.898182
1020 0.896364
1021 0.896364
1022 0.896364
1023 0.896364
1024 0.894545
1025 0.894545
1026 0.894545
1027 0.894545
1028 0.894545
1029 0.894545
1030 0.894545
1031 0.892727
1032 0.892727
1033 0.892727
1034 0.892727
1035 0.892727
1036 0.892727
1037 0.894545
1038 0.894545
1039 0.886364
1040 0.868182
1041 0.868182
1042 0.868182
1043 0.868182
1044 0.868182
1045 0.866364
1046 0.866364
1047 0.866364
1048 0.866364
1049 0.866364
1050 0.866364
1051 0.866364
1052 0.866364
1053 0.866364
1054 0.866364
1055 0.866364
1056 0.864545
1057 0.864545
1058 0.866364
1059 0.866364
1060 0.866364
1061 0.866364
1062 0.868182
1063 0.87
1064 0.87
1065 0.871818
1066 0.871818
1067 0.871818
1068 0.873636
1069 0.873636
1070 0.875454
1071 0.875454
1072 0.875454
1073 0.875454
1074 0.877273
1075 0.877273
1076 0.877273
1077 0.877273
1078 0.877273
1079 0.877273
1080 0.877273
1081 0.879091
1082 0.879091
1083 0.879091
1084 0.879091
1085 0.879091
1086 0.879091
1087 0.879091
1088 0.879091
1089 0.887273
1090 0.905454
1091 0.905454
1092 0.905454
1093 0.903636
1094 0.903636
1095 0.905454
1096 0.905454
1097 0.905454
1098 0.905454
1099 0.905454
1100 0.905454
1101 0.905454
1102 0.905454
1103 0.905454
1104 0.905454
1105 0.905454
1106 0.907273
1107 0.907273
1108 0.907273
1109 0.907273
1110 0.907273
1111 0.905454
1112 0.905454
1113 0.905454
1114 0.905454
1115 0.905454
1116 0.905454
1117 0.905454
1118 0.905454
1119 0.905454
1120 0.905454
1121 0.905454
1122 0.905454
1123 0.905454
1124 0.905454
1125 0.905454
1126 0.905454
1127 0.905454
1128 0.905454
1129 0.905454
1130 0.905454
1131 0.903636
1132 0.903636
1133 0.903636
1134 0.903636
1135 0.903636
1136 0.903636
1137 0.903636
1138 0.903636
1139 0.903636
1140 0.903636
1141 0.903636
1142 0.903636
1143 0.897273
1144 0.879091
1145 0.879091
1146 0.879091
1147 0.879091
1148 0.879091
1149 0.879091
1150 0.879091
1151 0.879091
1152 0.879091
1153 0.879091
1154 0.879091
1155 0.879091
1156 0.879091
1157 0.879091
1158 0.879091
1159 0.879091
1160 0.879091
1161 0.880909
1162 0.880909
1163 0.880909
1164 0.880909
1165 0.880909
1166 0.880909
1167 0.880909
1168 0.880909
1169 0.880909
1170 0.880909
1171 0.880909
1172 0.880909
1173 0.880909
1174 0.880909
1175 0.880909
1176 0.880909
1177 0.880909
1178 0.880909
1179 0.880909
1180 0.880909
1181 0.882727
1182 0.882727
1183 0.882727
1184 0.882727
1185 0.882727
1186 0.882727
1187 0.882727
1188 0.882727
1189 0.880909
1190 0.880909
1191 0.880909
1192 0.880909
1193 0.889091
1194 0.907273
1195 0.907273
1196 0.907273
1197 0.907273
1198 0.907273
1199 0.907273
1200 0.907273
1201 0.907273
1202 0.907273
1203 0.907273
1204 0.907273
1205 0.907273
1206 0.907273
1207 0.907273
1208 0.907273
1209 0.907273
1210 0.907273
1211 0.907273
1212 0.907273
1213 0.907273
1214 0.907273
1215 0.907273
1216 0.907273
1217 0.907273
1218 0.907273
1219 0.907273
1220 0.907273
1221 0.907273
1222 0.907273
1223 0.907273
1224 0.907273
1225 0.907273
1226 0.907273
1227 0.907273
1228 0.905454
1229 0.905454
1230 0.905454
1231 0.903636
1232 0.903636
1233 0.903636
1234 0.903636
1235 0.903636
1236 0.903636
1237 0.903636
1238 0.903636
1239 0.905455
1240 0.905455
1241 0.905455
1242 0.903636
1243 0.903636
1244 0.903636
1245 0.903636
1246 0.901818
1247 0.893636
1248 0.875454
1249 0.875454
1250 0.875454
1251 0.875454
1252 0.875454
1253 0.875454
1254 0.875454
1255 0.875454
1256 0.875454
1257 0.875454
1258 0.875454
1259 0.875454
1260 0.875454
1261 0.875454
1262 0.873636
1263 0.873636
1264 0.873636
1265 0.873636
1266 0.873636
1267 0.873636
1268 0.873636
1269 0.873636
1270 0.873636
1271 0.873636
1272 0.873636
1273 0.873636
1274 0.873636
1275 0.873636
1276 0.873636
1277 0.873636
1278 0.875454
1279 0.875454
1280 0.875454
1281 0.877273
1282 0.877273
1283 0.877273
1284 0.877273
1285 0.875454
1286 0.875454
1287 0.875454
1288 0.875454
1289 0.875454
1290 0.875454
1291 0.875454
1292 0.877273
1293 0.877273
1294 0.877273
1295 0.875454
1296 0.877273
1297 0.885454
1298 0.903636
1299 0.903636
1300 0.903636
1301 0.903636
1302 0.903636
1303 0.903636
1304 0.903636
1305 0.903636
1306 0.903636
1307 0.903636
1308 0.903636
1309 0.903636
1310 0.903636
1311 0.903636
1312 0.905454
1313 0.905454
1314 0.905454
1315 0.905454
1316 0.905454
1317 0.905454
1318 0.905454
1319 0.905454
1320 0.905454
1321 0.905454
1322 0.905454
1323 0.905454
1324 0.905454
1325 0.905454
1326 0.905454
1327 0.905454
1328 0.905454
1329 0.905454
1330 0.905454
1331 0.905454
1332 0.905454
1333 0.905454
1334 0.903636
1335 0.905454
1336 0.905454
1337 0.905454
1338 0.905454
1339 0.905454
1340 0.905454
1341 0.905454
1342 0.905454
1343 0.905454
1344 0.905454
1345 0.907273
1346 0.907273
1347 0.907273
1348 0.907273
1349 0.907273
1350 0.907273
1351 0.899091
1352 0.880909
1353 0.880909
1354 0.880909
1355 0.880909
1356 0.880909
1357 0.880909
1358 0.880909
1359 0.880909
1360 0.880909
1361 0.880909
1362 0.880909
1363 0.880909
1364 0.880909
1365 0.880909
1366 0.879091
1367 0.879091
1368 0.879091
1369 0.879091
1370 0.879091
1371 0.879091
1372 0.879091
1373 0.879091
1374 0.879091
1375 0.879091
1376 0.879091
1377 0.879091
1378 0.879091
1379 0.879091
1380 0.879091
1381 0.879091
1382 0.879091
1383 0.879091
1384 0.880909
1385 0.880909
1386 0.880909
1387 0.880909
1388 0.880909
1389 0.880909
1390 0.880909
1391 0.880909
1392 0.880909
1393 0.880909
1394 0.880909
1395 0.880909
1396 0.880909
1397 0.880909
1398 0.880909
1399 0.880909
1400 0.880909
1401 0.889091
1402 0.907273
1403 0.907273
1404 0.907273
1405 0.907273
1406 0.907273
1407 0.907273
1408 0.907273
1409 0.907273
1410 0.907273
1411 0.907273
1412 0.907273
1413 0.907273
1414 0.907273
1415 0.907273
1416 0.909091
1417 0.909091
1418 0.909091
1419 0.909091
1420 0.909091
1421 0.909091
1422 0.909091
1423 0.909091
1424 0.909091
1425 0.909091
1426 0.909091
1427 0.909091
1428 0.907273
1429 0.907273
1430 0.907273
1431 0.907273
1432 0.907273
1433 0.907273
1434 0.907273
1435 0.907273
1436 0.907273
1437 0.907273
1438 0.907273
1439 0.907273
1440 0.907273
1441 0.907273
1442 0.907273
1443 0.907273
1444 0.907273
1445 0.907273
1446 0.907273
1447 0.907273
1448 0.907273
1449 0.907273
1450 0.907273
1451 0.907273
1452 0.907273
1453 0.907273
1454 0.907273
1455 0.899091
1456 0.880909
1457 0.880909
1458 0.880909
1459 0.880909
1460 0.880909
1461 0.879091
1462 0.879091
1463 0.879091
1464 0.879091
1465 0.879091
1466 0.879091
1467 0.879091
1468 0.879091
1469 0.879091
1470 0.879091
1471 0.879091
1472 0.879091
1473 0.879091
1474 0.879091
1475 0.879091
1476 0.879091
1477 0.879091
1478 0.880909
1479 0.880909
1480 0.880909
1481 0.880909
1482 0.880909
1483 0.880909
1484 0.880909
1485 0.880909
1486 0.880909
1487 0.880909
1488 0.880909
1489 0.880909
1490 0.880909
1491 0.880909
1492 0.880909
1493 0.880909
1494 0.880909
1495 0.880909
1496 0.880909
1497 0.880909
1498 0.880909
1499 0.880909
1500 0.880909
1501 0.880909
1502 0.880909
1503 0.879091
1504 0.879091
1505 0.885455
1506 0.901818
1507 0.901818
1508 0.901818
1509 0.901818
1510 0.901818
1511 0.903636
1512 0.9
1513 0.898182
1514 0.896364
1515 0.896364
1516 0.896364
1517 0.896364
1518 0.894545
1519 0.894545
1520 0.892727
1521 0.890909
1522 0.890909
1523 0.887273
1524 0.885455
1525 0.885455
1526 0.885455
1527 0.883636
1528 0.883636
1529 0.883636
1530 0.883636
1531 0.881818
1532 0.881818
1533 0.881818
1534 0.881818
1535 0.881818
1536 0.881818
1537 0.88
1538 0.88
1539 0.88
1540 0.88
1541 0.88
1542 0.878182
1543 0.878182
1544 0.878182
1545 0.878182
1546 0.878182
1547 0.878182
1548 0.878182
1549 0.878182
1550 0.878182
1551 0.878182
1552 0.878182
1553 0.88
1554 0.88
1555 0.881818
1556 0.883636
1557 0.883636
1558 0.883636
1559 0.875455
1560 0.857273
1561 0.857273
1562 0.859091
1563 0.860909
1564 0.862727
1565 0.862727
1566 0.862727
1567 0.862727
1568 0.864545
1569 0.864545
1570 0.866364
1571 0.868182
1572 0.868182
1573 0.871818
1574 0.873636
1575 0.873636
1576 0.873636
1577 0.875454
1578 0.875454
1579 0.875454
1580 0.875454
1581 0.877273
1582 0.877273
1583 0.877273
1584 0.877273
1585 0.877273
1586 0.877273
1587 0.879091
1588 0.879091
1589 0.879091
1590 0.879091
1591 0.879091
1592 0.880909
1593 0.880909
1594 0.880909
1595 0.880909
1596 0.880909
1597 0.880909
1598 0.880909
1599 0.880909
1600 0.880909
1601 0.880909
1602 0.880909
1603 0.880909
1604 0.880909
1605 0.880909
1606 0.880909
1607 0.880909
1608 0.880909
1609 0.889091
1610 0.907273
1611 0.907273
1612 0.909091
1613 0.909091
1614 0.909091
1615 0.909091
1616 0.909091
1617 0.909091
1618 0.909091
1619 0.909091
1620 0.909091
1621 0.909091
1622 0.909091
1623 0.909091
1624 0.909091
1625 0.909091
1626 0.909091
1627 0.909091
1628 0.909091
1629 0.909091
1630 0.909091
1631 0.909091
1632 0.909091
1633 0.909091
1634 0.909091
1635 0.909091
1636 0.909091
1637 0.909091
1638 0.909091
1639 0.909091
1640 0.909091
1641 0.909091
1642 0.909091
1643 0.909091
1644 0.909091
1645 0.909091
1646 0.909091
1647 0.909091
1648 0.909091
1649 0.909091
1650 0.909091
1651 0.907273
1652 0.907273
1653 0.907273
1654 0.907273
1655 0.907273
1656 0.907273
1657 0.907273
1658 0.907273
1659 0.907273
1660 0.907273
1661 0.907273
1662 0.907273
1663 0.899091
1664 0.880909
1665 0.880909
1666 0.879091
1667 0.879091
1668 0.879091
1669 0.879091
1670 0.879091
1671 0.879091
1672 0.879091
1673 0.879091
1674 0.879091
1675 0.879091
1676 0.879091
1677 0.879091
1678 0.879091
1679 0.879091
1680 0.879091
1681 0.879091
1682 0.879091
1683 0.879091
1684 0.879091
1685 0.879091
1686 0.879091
1687 0.879091
1688 0.879091
1689 0.879091
1690 0.879091
1691 0.879091
1692 0.879091
1693 0.879091
1694 0.879091
1695 0.879091
1696 0.879091
1697 0.879091
1698 0.879091
1699 0.879091
1700 0.879091
1701 0.880909
1702 0.880909
1703 0.880909
1704 0.880909
1705 0.880909
1706 0.880909
1707 0.880909
1708 0.880909
1709 0.880909
1710 0.880909
1711 0.880909
1712 0.880909
1713 0.889091
1714 0.907273
1715 0.907273
1716 0.909091
1717 0.909091
1718 0.909091
1719 0.909091
1720 0.909091
1721 0.909091
1722 0.909091
1723 0.909091
1724 0.909091
1725 0.909091
1726 0.909091
1727 0.909091
1728 0.909091
1729 0.909091
1730 0.909091
1731 0.909091
1732 0.909091
1733 0.909091
1734 0.909091
1735 0.909091
1736 0.909091
1737 0.909091
1738 0.909091
1739 0.909091
1740 0.909091
1741 0.909091
1742 0.909091
1743 0.909091
1744 0.909091
1745 0.909091
1746 0.909091
1747 0.909091
1748 0.909091
1749 0.909091
1750 0.909091
1751 0.909091
1752 0.909091
1753 0.909091
1754 0.909091
1755 0.909091
1756 0.909091
1757 0.909091
1758 0.909091
1759 0.909091
1760 0.909091
1761 0.909091
1762 0.909091
1763 0.909091
1764 0.909091
1765 0.909091
1766 0.909091
1767 0.900909
1768 0.882727
1769 0.882727
1770 0.882727
1771 0.882727
1772 0.882727
1773 0.882727
1774 0.882727
1775 0.882727
1776 0.882727
1777 0.882727
1778 0.882727
1779 0.882727
1780 0.882727
1781 0.882727
1782 0.882727
1783 0.882727
1784 0.882727
1785 0.882727
1786 0.882727
1787 0.882727
1788 0.882727
1789 0.882727
1790 0.882727
1791 0.882727
1792 0.882727
1793 0.882727
1794 0.882727
1795 0.882727
1796 0.882727
1797 0.882727
1798 0.882727
1799 0.882727
1800 0.882727
1801 0.882727
1802 0.882727
1803 0.882727
1804 0.882727
1805 0.882727
1806 0.882727
1807 0.882727
1808 0.882727
1809 0.882727
1810 0.882727
1811 0.882727
1812 0.882727
1813 0.882727
1814 0.882727
1815 0.882727
1816 0.882727
1817 0.890909
1818 0.909091
1819 0.909091
1820 0.909091
1821 0.909091
1822 0.909091
1823 0.909091
1824 0.909091
1825 0.909091
1826 0.909091
1827 0.909091
1828 0.909091
1829 0.909091
1830 0.909091
1831 0.909091
1832 0.909091
1833 0.909091
1834 0.909091
1835 0.909091
1836 0.909091
1837 0.909091
1838 0.909091
1839 0.909091
1840 0.909091
1841 0.909091
1842 0.909091
1843 0.909091
1844 0.909091
1845 0.909091
1846 0.909091
1847 0.909091
1848 0.909091
1849 0.909091
1850 0.909091
1851 0.909091
1852 0.909091
1853 0.909091
1854 0.909091
1855 0.909091
1856 0.909091
1857 0.909091
1858 0.909091
1859 0.909091
1860 0.909091
1861 0.909091
1862 0.909091
1863 0.909091
1864 0.909091
1865 0.909091
1866 0.909091
1867 0.909091
1868 0.909091
1869 0.909091
1870 0.909091
1871 0.900909
1872 0.882727
1873 0.882727
1874 0.882727
1875 0.882727
1876 0.882727
1877 0.882727
1878 0.882727
1879 0.882727
1880 0.882727
1881 0.882727
1882 0.882727
1883 0.882727
1884 0.882727
1885 0.882727
1886 0.882727
1887 0.882727
1888 0.882727
1889 0.882727
1890 0.882727
1891 0.882727
1892 0.882727
1893 0.882727
1894 0.882727
1895 0.882727
1896 0.882727
1897 0.882727
1898 0.882727
1899 0.882727
1900 0.882727
1901 0.882727
1902 0.882727
1903 0.882727
1904 0.882727
1905 0.882727
1906 0.882727
1907 0.882727
1908 0.882727
1909 0.882727
1910 0.882727
1911 0.882727
1912 0.882727
1913 0.882727
1914 0.882727
1915 0.882727
1916 0.882727
1917 0.882727
1918 0.882727
1919 0.882727
1920 0.882727
1921 0.890909
1922 0.909091
1923 0.909091
1924 0.909091
1925 0.909091
1926 0.909091
1927 0.909091
1928 0.909091
1929 0.909091
1930 0.909091
1931 0.909091
1932 0.909091
1933 0.909091
1934 0.909091
1935 0.909091
1936 0.909091
1937 0.907273
1938 0.907273
1939 0.907273
1940 0.907273
1941 0.907273
1942 0.907273
1943 0.907273
1944 0.907273
1945 0.907273
1946 0.907273
1947 0.907273
1948 0.907273
1949 0.907273
1950 0.907273
1951 0.907273
1952 0.907273
1953 0.907273
1954 0.907273
1955 0.907273
1956 0.907273
1957 0.907273
1958 0.907273
1959 0.907273
1960 0.907273
1961 0.907273
1962 0.907273
1963 0.907273
1964 0.907273
1965 0.907273
1966 0.907273
1967 0.907273
1968 0.907273
1969 0.907273
1970 0.907273
1971 0.907273
1972 0.907273
1973 0.907273
1974 0.907273
1975 0.899091
1976 0.880909
1977 0.880909
1978 0.880909
1979 0.880909
1980 0.880909
1981 0.880909
1982 0.880909
1983 0.880909
1984 0.880909
1985 0.880909
1986 0.880909
1987 0.882727
1988 0.882727
1989 0.882727
1990 0.882727
1991 0.882727
1992 0.882727
1993 0.882727
1994 0.882727
1995 0.882727
1996 0.882727
1997 0.882727
1998 0.882727
1999 0.882727
