0 0
1 -1
2 -1
3 0
4 -1
5 -1
6 -1
7 -1
8 -1
9 -1
10 6
11 8
12 5
13 -1
14 -1
15 12
16 -1
17 -1
18 16
19 -1
20 -1
21 -1
22 19
23 -1
24 -1
25 -1
26 24
27 -1
28 -1
29 25
30 25
31 29
32 13
33 -1
34 31
35 -1
36 10
37 35
38 -1
39 36
40 -1
41 -1
42 -1
43 40
44 -1
45 -1
46 5
47 43
48 45
49 -1
50 -1
51 -1
52 49
53 -1
54 -1
55 -1
56 -1
57 44
58 56
59 35
60 -1
61 44
62 -1
63 -1
64 -1
65 -1
66 64
67 -1
68 65
69 -1
70 -1
71 -1
72 70
73 11
74 -1
75 -1
76 -1
77 61
78 -1
79 -1
80 -1
81 -1
82 -1
83 -1
84 -1
85 -1
86 3
87 -1
88 -1
89 75
90 -1
91 -1
92 -1
93 42
94 -1
95 -1
96 -1
97 -1
98 58
99 97
100 -1
101 -1
102 12
103 -1
104 100
105 101
106 0
107 0
108 2
109 4
110 4
111 4
112 6
113 7
114 8
115 9
116 11
117 11
118 13
119 12
120 15
121 15
122 15
123 14
124 19
125 18
126 20
127 21
128 23
129 22
130 24
131 26
132 26
133 27
134 28
135 29
136 30
137 31
138 31
139 34
140 35
141 35
142 36
143 37
144 39
145 39
146 11
147 40
148 43
149 44
150 44
151 45
152 46
153 46
154 17
155 50
156 50
157 24
158 14
159 52
160 23
161 6
162 56
163 56
164 58
165 34
166 60
167 60
168 62
169 57
170 57
171 65
172 51
173 67
174 67
175 69
176 70
177 70
178 33
179 54
180 74
181 74
182 76
183 76
184 67
185 26
186 80
187 3
188 83
189 24
190 83
191 22
192 86
193 32
194 86
195 22
196 89
197 89
198 92
199 11
200 94
201 95
202 96
203 97
204 97
205 12
206 100
207 100
208 101
209 101
210 0
211 2
212 2
213 3
214 4
215 6
216 6
217 7
218 8
219 9
220 10
221 11
222 12
223 15
224 14
225 15
226 15
227 17
228 19
229 19
230 20
231 21
232 22
233 23
234 24
235 24
236 26
237 27
238 28
239 28
240 30
241 31
242 31
243 34
244 34
245 35
246 36
247 37
248 39
249 40
250 40
251 40
252 43
253 44
254 45
255 45
256 46
257 47
258 48
259 49
260 50
261 51
262 52
263 53
264 54
265 54
266 56
267 56
268 57
269 60
270 60
271 60
272 63
273 63
274 64
275 65
276 66
277 13
278 68
279 69
280 70
281 71
282 72
283 73
284 74
285 74
286 76
287 77
288 79
289 79
290 80
291 80
292 81
293 81
294 83
295 86
296 86
297 86
298 86
299 88
300 90
301 92
302 92
303 93
304 93
305 95
306 96
307 97
308 97
309 99
310 100
311 100
312 100
313 101
314 0
315 2
316 2
317 3
318 4
319 5
320 6
321 7
322 8
323 9
324 10
325 11
326 12
327 14
328 14
329 15
330 16
331 17
332 18
333 18
334 21
335 23
336 23
337 23
338 23
339 26
340 26
341 27
342 27
343 28
344 30
345 31
346 31
347 33
348 34
349 35
350 36
351 37
352 38
353 39
354 40
355 40
356 43
357 43
358 43
359 45
360 45
361 47
362 48
363 49
364 50
365 51
366 52
367 53
368 54
369 55
370 56
371 56
372 58
373 60
374 60
375 61
376 62
377 63
378 64
379 65
380 66
381 67
382 68
383 69
384 70
385 70
386 72
387 73
388 74
389 74
390 76
391 77
392 78
393 79
394 81
395 83
396 82
397 81
398 84
399 86
400 86
401 86
402 86
403 89
404 90
405 90
406 92
407 93
408 95
409 95
410 96
411 97
412 97
413 99
414 100
415 100
416 100
417 100
418 0
419 2
420 3
421 3
422 4
423 5
424 6
425 7
426 8
427 10
428 10
429 12
430 12
431 13
432 14
433 15
434 16
435 18
436 18
437 18
438 21
439 21
440 23
441 23
442 26
443 26
444 26
445 27
446 28
447 28
448 30
449 31
450 31
451 33
452 34
453 34
454 36
455 37
456 38
457 39
458 40
459 43
460 43
461 43
462 43
463 44
464 45
465 47
466 49
467 49
468 52
469 51
470 52
471 52
472 54
473 55
474 56
475 56
476 60
477 60
478 60
479 62
480 63
481 63
482 63
483 65
484 67
485 67
486 68
487 69
488 69
489 70
490 72
491 73
492 74
493 74
494 76
495 77
496 78
497 78
498 80
499 82
