0 0.991719
1 0.99125
2 0.990781
3 0.990313
4 0.989844
5 0.989375
6 0.988906
7 0.988437
8 0.987969
9 0.983594
10 0.983125
11 0.982656
12 0.982188
13 0.981719
14 0.98125
15 0.978828
16 0.978359
17 0.977891
18 0.977422
19 0.976953
20 0.976484
21 0.976016
22 0.975547
23 0.975078
24 0.966797
25 0.966328
26 0.965859
27 0.965391
28 0.964922
29 0.964453
30 0.963984
31 0.957656
32 0.957187
33 0.956719
34 0.95625
35 0.955781
36 0.955312
37 0.952891
38 0.950469
39 0.942187
40 0.941719
41 0.94125
42 0.940781
43 0.940313
44 0.939844
45 0.939375
46 0.938906
47 0.938438
48 0.936016
49 0.935547
50 0.935547
51 0.935547
52 0.935547
53 0.935547
54 0.935547
55 0.935547
56 0.935547
57 0.935547
58 0.935547
59 0.939453
60 0.939453
61 0.939453
62 0.939453
63 0.935547
64 0.935547
65 0.9375
66 0.9375
67 0.933594
68 0.929688
69 0.927734
70 0.927734
71 0.927734
72 0.927734
73 0.921875
74 0.929688
75 0.929688
76 0.923828
77 0.923828
78 0.923828
79 0.917969
80 0.917969
81 0.917969
82 0.917969
83 0.910156
84 0.910156
85 0.910156
86 0.910156
87 0.910156
88 0.908203
89 0.916016
90 0.916016
91 0.90625
92 0.900391
93 0.900391
94 0.900391
95 0.898438
96 0.898438
97 0.898438
98 0.900391
99 0.900391
100 0.90625
101 0.90625
102 0.894531
103 0.875
104 0.875
105 0.873047
106 0.861328
107 0.849609
108 0.847656
109 0.832031
110 0.820312
111 0.816406
112 0.800781
113 0.791016
114 0.777344
115 0.765625
116 0.757812
117 0.751953
118 0.748047
119 0.748047
120 0.730469
121 0.726562
122 0.714844
123 0.710938
124 0.703125
125 0.695312
126 0.699219
127 0.683594
128 0.667969
129 0.658203
130 0.646484
131 0.648438
132 0.636719
133 0.642578
134 0.623047
135 0.609375
136 0.59375
137 0.589844
138 0.59375
139 0.580078
140 0.574219
141 0.574219
142 0.564453
143 0.554688
144 0.546875
145 0.546875
146 0.541016
147 0.533203
148 0.521484
149 0.513672
150 0.505859
151 0.498047
152 0.503906
153 0.503906
154 0.486328
155 0.478516
156 0.490234
157 0.498047
158 0.484375
159 0.490234
160 0.496094
161 0.496094
162 0.498047
163 0.5
164 0.507812
165 0.503906
166 0.496094
167 0.5
168 0.505859
169 0.501953
170 0.511719
171 0.5
172 0.5
173 0.496094
174 0.490234
175 0.494141
176 0.482422
177 0.494141
178 0.501953
179 0.509766
180 0.507812
181 0.498047
182 0.501953
183 0.498047
184 0.5
185 0.507812
186 0.517578
187 0.513672
188 0.509766
189 0.511719
190 0.507812
191 0.503906
192 0.505859
193 0.509766
194 0.501953
195 0.488281
196 0.478516
197 0.478516
198 0.480469
199 0.478516
200 0.476562
201 0.476562
202 0.470703
203 0.478516
204 0.488281
205 0.486328
206 0.472656
207 0.457031
208 0.472656
209 0.466797
210 0.455078
211 0.443359
212 0.445312
213 0.443359
214 0.435547
215 0.447266
216 0.449219
217 0.4375
218 0.423828
219 0.416016
220 0.404297
221 0.400391
222 0.392578
223 0.396484
224 0.392578
225 0.378906
226 0.375
227 0.363281
228 0.355469
229 0.349609
230 0.355469
231 0.355469
232 0.34375
233 0.330078
234 0.332031
235 0.320312
236 0.316406
237 0.316406
238 0.302734
239 0.298828
240 0.291016
241 0.285156
242 0.285156
243 0.279297
244 0.28125
245 0.277344
246 0.277344
247 0.271484
248 0.265625
249 0.267578
250 0.267578
251 0.265625
252 0.259766
253 0.261719
254 0.257812
255 0.261719
256 0.259766
257 0.261719
258 0.244141
259 0.246094
260 0.251953
261 0.257812
262 0.251953
263 0.25
264 0.251953
265 0.246094
266 0.240234
267 0.240234
268 0.246094
269 0.242188
270 0.244141
271 0.255859
272 0.259766
273 0.255859
274 0.255859
275 0.257812
276 0.261719
277 0.257812
278 0.253906
279 0.25
280 0.240234
281 0.246094
282 0.246094
283 0.251953
284 0.25
285 0.253906
286 0.244141
287 0.238281
288 0.238281
289 0.244141
290 0.244141
291 0.246094
292 0.240234
293 0.236328
294 0.232422
295 0.234375
296 0.230469
297 0.226562
298 0.230469
299 0.228516
300 0.220703
301 0.212891
302 0.21875
303 0.210938
304 0.205078
305 0.197266
306 0.199219
307 0.199219
308 0.203125
309 0.201172
310 0.193359
311 0.183594
312 0.201172
313 0.197266
314 0.191406
315 0.181641
316 0.183594
317 0.185547
318 0.175781
319 0.185547
320 0.183594
321 0.171875
322 0.171875
323 0.166016
324 0.164062
325 0.160156
326 0.154297
327 0.160156
328 0.162109
329 0.160156
330 0.158203
331 0.150391
332 0.150391
333 0.150391
334 0.154297
335 0.148438
336 0.148438
337 0.144531
338 0.142578
339 0.132812
340 0.136719
341 0.138672
342 0.140625
343 0.138672
344 0.140625
345 0.138672
346 0.142578
347 0.146484
348 0.140625
349 0.130859
350 0.130859
351 0.130859
352 0.123047
353 0.121094
354 0.123047
355 0.123047
356 0.121094
357 0.119141
358 0.119141
359 0.126953
360 0.126953
361 0.128906
362 0.111328
363 0.115234
364 0.119141
365 0.119141
366 0.123047
367 0.123047
368 0.128906
369 0.119141
370 0.121094
371 0.126953
372 0.125
373 0.125
374 0.126953
375 0.128906
376 0.128906
377 0.123047
378 0.121094
379 0.121094
380 0.121094
381 0.117188
382 0.119141
383 0.115234
384 0.111328
385 0.113281
386 0.115234
387 0.119141
388 0.123047
389 0.126953
390 0.123047
391 0.119141
392 0.119141
393 0.119141
394 0.117188
395 0.117188
396 0.113281
397 0.111328
398 0.109375
399 0.109375
400 0.109375
401 0.107422
402 0.107422
403 0.107422
404 0.103516
405 0.101562
406 0.0996094
407 0.0996094
408 0.09375
409 0.0820312
410 0.0820312
411 0.0820312
412 0.0839844
413 0.0800781
414 0.0742188
415 0.0742188
416 0.0878906
417 0.0839844
418 0.0800781
419 0.078125
420 0.0761719
421 0.0722656
422 0.0722656
423 0.078125
424 0.078125
425 0.078125
426 0.0859375
427 0.0878906
428 0.0878906
429 0.0878906
430 0.0898438
431 0.0898438
432 0.09375
433 0.0917969
434 0.0898438
435 0.0898438
436 0.0878906
437 0.0839844
438 0.0820312
439 0.078125
440 0.0761719
441 0.078125
442 0.0761719
443 0.0742188
444 0.0742188
445 0.0761719
446 0.078125
447 0.0742188
448 0.078125
449 0.078125
450 0.0800781
451 0.0820312
452 0.0820312
453 0.0820312
454 0.0820312
455 0.0800781
456 0.078125
457 0.078125
458 0.078125
459 0.0800781
460 0.0800781
461 0.078125
462 0.0742188
463 0.0800781
464 0.0800781
465 0.0800781
466 0.0605469
467 0.0664062
468 0.0664062
469 0.0664062
470 0.0664062
471 0.0664062
472 0.0644531
473 0.0625
474 0.0605469
475 0.0585938
476 0.0507812
477 0.0488281
478 0.0488281
479 0.0507812
480 0.0527344
481 0.0546875
482 0.0488281
483 0.0488281
484 0.0488281
485 0.046875
486 0.046875
487 0.046875
488 0.046875
489 0.0488281
490 0.0488281
491 0.046875
492 0.0488281
493 0.0488281
494 0.046875
495 0.0449219
496 0.0429688
497 0.0449219
498 0.0410156
499 0.0449219
500 0.0429688
501 0.0410156
502 0.0410156
503 0.0410156
504 0.0410156
505 0.0410156
506 0.0429688
507 0.0429688
508 0.0429688
509 0.0449219
510 0.0449219
511 0.0449219
512 0.0449219
513 0.0390625
514 0.0390625
515 0.0390625
516 0.0390625
517 0.0332031
518 0.03125
519 0.03125
520 0.0507812
521 0.0507812
522 0.0546875
523 0.0507812
524 0.0507812
525 0.0507812
526 0.0507812
527 0.0546875
528 0.0566406
529 0.0546875
530 0.0507812
531 0.0488281
532 0.0488281
533 0.0488281
534 0.0488281
535 0.0488281
536 0.0488281
537 0.0488281
538 0.046875
539 0.046875
540 0.046875
541 0.0488281
542 0.046875
543 0.046875
544 0.046875
545 0.046875
546 0.046875
547 0.0449219
548 0.0449219
549 0.0410156
550 0.0410156
551 0.0410156
552 0.0449219
553 0.0449219
554 0.0449219
555 0.0488281
556 0.046875
557 0.046875
558 0.046875
559 0.0429688
560 0.0429688
561 0.0449219
562 0.046875
563 0.0488281
564 0.0488281
565 0.0527344
566 0.0527344
567 0.0527344
568 0.0566406
569 0.0566406
570 0.0390625
571 0.0390625
572 0.0351562
573 0.0351562
574 0.0351562
575 0.0351562
576 0.0351562
577 0.0332031
578 0.03125
579 0.03125
580 0.03125
581 0.03125
582 0.03125
583 0.03125
584 0.03125
585 0.03125
586 0.03125
587 0.0332031
588 0.0332031
589 0.03125
590 0.03125
591 0.03125
592 0.03125
593 0.0332031
594 0.0332031
595 0.0332031
596 0.0332031
597 0.0332031
598 0.0332031
599 0.0332031
600 0.0332031
601 0.0332031
602 0.0292969
603 0.0292969
604 0.0292969
605 0.0253906
606 0.0253906
607 0.0253906
608 0.0253906
609 0.0253906
610 0.0253906
611 0.0234375
612 0.0214844
613 0.0195312
614 0.0195312
615 0.015625
616 0.015625
617 0.015625
618 0.0117188
619 0.0117188
620 0.00976562
621 0.0078125
622 0.0078125
623 0.0078125
624 0.0253906
625 0.0253906
626 0.0273438
627 0.0253906
628 0.0253906
629 0.0253906
630 0.0253906
631 0.0292969
632 0.0332031
633 0.0332031
634 0.0332031
635 0.0332031
636 0.0332031
637 0.03125
638 0.03125
639 0.03125
640 0.03125
641 0.0292969
642 0.0292969
643 0.0292969
644 0.0292969
645 0.0292969
646 0.0292969
647 0.0292969
648 0.0292969
649 0.0292969
650 0.0292969
651 0.0292969
652 0.0292969
653 0.0292969
654 0.0292969
655 0.0292969
656 0.03125
657 0.03125
658 0.03125
659 0.0332031
660 0.0332031
661 0.0332031
662 0.0332031
663 0.0332031
664 0.0332031
665 0.0332031
666 0.0332031
667 0.0351562
668 0.0351562
669 0.0371094
670 0.0371094
671 0.0371094
672 0.0371094
673 0.0371094
674 0.0214844
675 0.0234375
676 0.0214844
677 0.0214844
678 0.0214844
679 0.0214844
680 0.0214844
681 0.0175781
682 0.0136719
683 0.0136719
684 0.0136719
685 0.0136719
686 0.0136719
687 0.0136719
688 0.0136719
689 0.0136719
690 0.0136719
691 0.0136719
692 0.015625
693 0.0136719
694 0.0136719
695 0.0136719
696 0.0136719
697 0.0136719
698 0.0136719
699 0.0136719
700 0.0136719
701 0.0136719
702 0.0136719
703 0.0136719
704 0.015625
705 0.015625
706 0.0136719
707 0.0136719
708 0.0136719
709 0.0117188
710 0.0117188
711 0.0136719
712 0.0136719
713 0.0136719
714 0.0136719
715 0.0136719
716 0.0136719
717 0.0117188
718 0.0117188
719 0.00976562
720 0.00976562
721 0.0117188
722 0.0117188
723 0.0117188
724 0.00976562
725 0.0078125
726 0.0078125
727 0.0078125
728 0.0253906
729 0.0253906
730 0.0273438
731 0.0273438
732 0.03125
733 0.03125
734 0.03125
735 0.0332031
736 0.0332031
737 0.0351562
738 0.0351562
739 0.0351562
740 0.0351562
741 0.0351562
742 0.0332031
743 0.0332031
744 0.0332031
745 0.0332031
746 0.0332031
747 0.0351562
748 0.0351562
749 0.0351562
750 0.0351562
751 0.0351562
752 0.0351562
753 0.0351562
754 0.0332031
755 0.0332031
756 0.0332031
757 0.0332031
758 0.0332031
759 0.0332031
760 0.0332031
761 0.03125
762 0.03125
763 0.03125
764 0.03125
765 0.03125
766 0.03125
767 0.03125
768 0.03125
769 0.03125
770 0.03125
771 0.03125
772 0.03125
773 0.03125
774 0.03125
775 0.03125
776 0.03125
777 0.03125
778 0.0136719
779 0.015625
780 0.0136719
781 0.0136719
782 0.00976562
783 0.0117188
784 0.0117188
785 0.00976562
786 0.00976562
787 0.0078125
788 0.0078125
789 0.0078125
790 0.0078125
791 0.0078125
792 0.0078125
793 0.0078125
794 0.0078125
795 0.0078125
796 0.0078125
797 0.00585938
798 0.00585938
799 0.00585938
800 0.00585938
801 0.00585938
802 0.00585938
803 0.00585938
804 0.00585938
805 0.0078125
806 0.0078125
807 0.0078125
808 0.0078125
809 0.0078125
810 0.0078125
811 0.0078125
812 0.0078125
813 0.0078125
814 0.0078125
815 0.0078125
816 0.0078125
817 0.0078125
818 0.0078125
819 0.0078125
820 0.0078125
821 0.00585938
822 0.00585938
823 0.00585938
824 0.00585938
825 0.00585938
826 0.00585938
827 0.00585938
828 0.00585938
829 0.00390625
830 0.00390625
831 0.00390625
832 0.0234375
833 0.0214844
834 0.0214844
835 0.0214844
836 0.0234375
837 0.0253906
838 0.0253906
839 0.0273438
840 0.0273438
841 0.0273438
842 0.0273438
843 0.0273438
844 0.0273438
845 0.0273438
846 0.0273438
847 0.0273438
848 0.0273438
849 0.0273438
850 0.0273438
851 0.03125
852 0.0332031
853 0.0332031
854 0.0332031
855 0.03125
856 0.03125
857 0.03125
858 0.03125
859 0.03125
860 0.03125
861 0.03125
862 0.03125
863 0.03125
864 0.03125
865 0.03125
866 0.03125
867 0.03125
868 0.03125
869 0.03125
870 0.03125
871 0.03125
872 0.03125
873 0.03125
874 0.03125
875 0.03125
876 0.03125
877 0.03125
878 0.03125
879 0.03125
880 0.03125
881 0.03125
882 0.0136719
883 0.015625
884 0.015625
885 0.015625
886 0.015625
887 0.015625
888 0.015625
889 0.0136719
890 0.0136719
891 0.0136719
892 0.0136719
893 0.0136719
894 0.0136719
895 0.0136719
896 0.0136719
897 0.0136719
898 0.0136719
899 0.0136719
900 0.0136719
901 0.00976562
902 0.0078125
903 0.0078125
904 0.0078125
905 0.00976562
906 0.00976562
907 0.00976562
908 0.00976562
909 0.00976562
910 0.00976562
911 0.00976562
912 0.00976562
913 0.0117188
914 0.0117188
915 0.0117188
916 0.0117188
917 0.0117188
918 0.0117188
919 0.0117188
920 0.0117188
921 0.0117188
922 0.0117188
923 0.0117188
924 0.0117188
925 0.0117188
926 0.0117188
927 0.0117188
928 0.0117188
929 0.0117188
930 0.0117188
931 0.0117188
932 0.00976562
933 0.0078125
934 0.0078125
935 0.0078125
936 0.0253906
937 0.0234375
938 0.0253906
939 0.0253906
940 0.0253906
941 0.0253906
942 0.0253906
943 0.0273438
944 0.0273438
945 0.0273438
946 0.0292969
947 0.0292969
948 0.0292969
949 0.0292969
950 0.0292969
951 0.0292969
952 0.0292969
953 0.0292969
954 0.0292969
955 0.0332031
956 0.0332031
957 0.0332031
958 0.0332031
959 0.0332031
960 0.0332031
961 0.0332031
962 0.0332031
963 0.03125
964 0.03125
965 0.03125
966 0.03125
967 0.03125
968 0.03125
969 0.03125
970 0.0332031
971 0.0332031
972 0.0332031
973 0.0332031
974 0.0332031
975 0.0332031
976 0.0332031
977 0.0332031
978 0.0332031
979 0.0332031
980 0.0332031
981 0.0351562
982 0.0351562
983 0.0351562
984 0.0351562
985 0.0351562
986 0.015625
987 0.0175781
988 0.015625
989 0.015625
990 0.015625
991 0.0175781
992 0.0175781
993 0.015625
994 0.015625
995 0.015625
996 0.0136719
997 0.0136719
998 0.0136719
999 0.0136719
1000 0.0136719
1001 0.0136719
1002 0.0136719
1003 0.0136719
1004 0.015625
1005 0.00976562
1006 0.00976562
1007 0.00976562
1008 0.00976562
1009 0.0117188
1010 0.0117188
1011 0.0117188
1012 0.0117188
1013 0.0117188
1014 0.0117188
1015 0.0117188
1016 0.0117188
1017 0.0136719
1018 0.0136719
1019 0.0136719
1020 0.0117188
1021 0.0117188
1022 0.0117188
1023 0.0117188
1024 0.0117188
1025 0.0117188
1026 0.0117188
1027 0.0117188
1028 0.0117188
1029 0.0117188
1030 0.0117188
1031 0.00976562
1032 0.00976562
1033 0.00976562
1034 0.00976562
1035 0.00976562
1036 0.00976562
1037 0.0078125
1038 0.0078125
1039 0.0078125
1040 0.0273438
1041 0.0253906
1042 0.0273438
1043 0.0273438
1044 0.0273438
1045 0.0273438
1046 0.0273438
1047 0.0273438
1048 0.0273438
1049 0.0273438
1050 0.0273438
1051 0.0273438
1052 0.0273438
1053 0.0273438
1054 0.0253906
1055 0.0253906
1056 0.0253906
1057 0.0253906
1058 0.0253906
1059 0.0253906
1060 0.0253906
1061 0.0253906
1062 0.0253906
1063 0.0253906
1064 0.0253906
1065 0.0253906
1066 0.0253906
1067 0.0234375
1068 0.0234375
1069 0.0234375
1070 0.0234375
1071 0.0234375
1072 0.0234375
1073 0.0234375
1074 0.0234375
1075 0.0234375
1076 0.0234375
1077 0.0234375
1078 0.0234375
1079 0.0234375
1080 0.0234375
1081 0.0234375
1082 0.0234375
1083 0.0253906
1084 0.0253906
1085 0.0253906
1086 0.0273438
1087 0.0273438
1088 0.0273438
1089 0.0273438
1090 0.0078125
1091 0.0078125
1092 0.00585938
1093 0.00585938
1094 0.00585938
1095 0.00585938
1096 0.00585938
1097 0.00585938
1098 0.00585938
1099 0.00585938
1100 0.00585938
1101 0.00585938
1102 0.00585938
1103 0.00585938
1104 0.00585938
1105 0.00585938
1106 0.00585938
1107 0.00585938
1108 0.00585938
1109 0.00390625
1110 0.00390625
1111 0.00390625
1112 0.00390625
1113 0.00585938
1114 0.00585938
1115 0.00585938
1116 0.00585938
1117 0.00585938
1118 0.00585938
1119 0.00585938
1120 0.00585938
1121 0.00585938
1122 0.00585938
1123 0.00585938
1124 0.00585938
1125 0.00585938
1126 0.00585938
1127 0.0078125
1128 0.0078125
1129 0.0078125
1130 0.0078125
1131 0.0078125
1132 0.0078125
1133 0.00585938
1134 0.00585938
1135 0.00585938
1136 0.00390625
1137 0.00390625
1138 0.00390625
1139 0.00390625
1140 0.00390625
1141 0.00390625
1142 0.00390625
1143 0.00390625
1144 0.0234375
1145 0.0253906
1146 0.0253906
1147 0.0253906
1148 0.0253906
1149 0.0253906
1150 0.0253906
1151 0.0253906
1152 0.0253906
1153 0.0253906
1154 0.0273438
1155 0.0273438
1156 0.0273438
1157 0.0273438
1158 0.0273438
1159 0.0273438
1160 0.0273438
1161 0.0273438
1162 0.0273438
1163 0.0253906
1164 0.0253906
1165 0.0253906
1166 0.0253906
1167 0.0253906
1168 0.0253906
1169 0.0253906
1170 0.0253906
1171 0.0253906
1172 0.0253906
1173 0.0253906
1174 0.0253906
1175 0.0253906
1176 0.0253906
1177 0.0234375
1178 0.0234375
1179 0.0234375
1180 0.0234375
1181 0.0234375
1182 0.0234375
1183 0.0234375
1184 0.0234375
1185 0.0234375
1186 0.0253906
1187 0.0273438
1188 0.0273438
1189 0.0273438
1190 0.0273438
1191 0.0273438
1192 0.0273438
1193 0.0273438
1194 0.0078125
1195 0.00585938
1196 0.00585938
1197 0.00585938
1198 0.00585938
1199 0.00585938
1200 0.00585938
1201 0.00585938
1202 0.00585938
1203 0.00585938
1204 0.00390625
1205 0.00390625
1206 0.00390625
1207 0.00390625
1208 0.00390625
1209 0.00390625
1210 0.00390625
1211 0.00390625
1212 0.00390625
1213 0.00390625
1214 0.00390625
1215 0.00390625
1216 0.00390625
1217 0.00585938
1218 0.00585938
1219 0.00585938
1220 0.00585938
1221 0.00585938
1222 0.00585938
1223 0.00585938
1224 0.00585938
1225 0.00585938
1226 0.00585938
1227 0.00585938
1228 0.00585938
1229 0.00585938
1230 0.00585938
1231 0.00585938
1232 0.00585938
1233 0.00585938
1234 0.00585938
1235 0.00585938
1236 0.00390625
1237 0.00195312
1238 0.00195312
1239 0.00195312
1240 0.00195312
1241 0.00195312
1242 0.00195312
1243 0.00195312
1244 0.00390625
1245 0.00390625
1246 0.00390625
1247 0.00390625
1248 0.0214844
1249 0.0234375
1250 0.0234375
1251 0.0234375
1252 0.0234375
1253 0.0234375
1254 0.0234375
1255 0.0234375
1256 0.0234375
1257 0.0234375
1258 0.0234375
1259 0.0234375
1260 0.0234375
1261 0.0234375
1262 0.0234375
1263 0.0234375
1264 0.0234375
1265 0.0234375
1266 0.0234375
1267 0.0234375
1268 0.0273438
1269 0.0273438
1270 0.0273438
1271 0.0273438
1272 0.0273438
1273 0.0273438
1274 0.0273438
1275 0.0273438
1276 0.0273438
1277 0.0273438
1278 0.0273438
1279 0.0273438
1280 0.0273438
1281 0.0273438
1282 0.0273438
1283 0.0273438
1284 0.0273438
1285 0.0273438
1286 0.0273438
1287 0.0273438
1288 0.0273438
1289 0.0273438
1290 0.0273438
1291 0.0273438
1292 0.0273438
1293 0.0273438
1294 0.0253906
1295 0.0253906
1296 0.0253906
1297 0.0253906
1298 0.0078125
1299 0.00585938
1300 0.00585938
1301 0.00585938
1302 0.00585938
1303 0.0078125
1304 0.0078125
1305 0.0078125
1306 0.0078125
1307 0.0078125
1308 0.0078125
1309 0.0078125
1310 0.0078125
1311 0.0078125
1312 0.0078125
1313 0.0078125
1314 0.0078125
1315 0.0078125
1316 0.0078125
1317 0.00585938
1318 0.00195312
1319 0.00195312
1320 0.00195312
1321 0.00390625
1322 0.00390625
1323 0.00390625
1324 0.00390625
1325 0.00390625
1326 0.00390625
1327 0.00390625
1328 0.00390625
1329 0.00390625
1330 0.00390625
1331 0.00390625
1332 0.00390625
1333 0.00390625
1334 0.00390625
1335 0.00390625
1336 0.00390625
1337 0.00390625
1338 0.00390625
1339 0.00390625
1340 0.00390625
1341 0.00390625
1342 0.00390625
1343 0.00390625
1344 0.00390625
1345 0.00390625
1346 0.00390625
1347 0.00390625
1348 0.00390625
1349 0.00390625
1350 0.00390625
1351 0.00390625
1352 0.0214844
1353 0.0195312
1354 0.0195312
1355 0.0195312
1356 0.0195312
1357 0.0195312
1358 0.0195312
1359 0.0214844
1360 0.0214844
1361 0.0214844
1362 0.0214844
1363 0.0214844
1364 0.0214844
1365 0.0214844
1366 0.0214844
1367 0.0214844
1368 0.0214844
1369 0.0214844
1370 0.0214844
1371 0.0214844
1372 0.0214844
1373 0.0214844
1374 0.0214844
1375 0.0214844
1376 0.0214844
1377 0.0214844
1378 0.0214844
1379 0.0214844
1380 0.0214844
1381 0.0214844
1382 0.0214844
1383 0.0214844
1384 0.0214844
1385 0.0214844
1386 0.0214844
1387 0.0214844
1388 0.0214844
1389 0.0214844
1390 0.0214844
1391 0.0214844
1392 0.0214844
1393 0.0214844
1394 0.0214844
1395 0.0214844
1396 0.0214844
1397 0.0214844
1398 0.0214844
1399 0.0214844
1400 0.0214844
1401 0.0214844
1402 0.00390625
1403 0.00390625
1404 0.00390625
1405 0.00390625
1406 0.00390625
1407 0.00390625
1408 0.00390625
1409 0.00195312
1410 0.00195312
1411 0.00195312
1412 0.00195312
1413 0.00195312
1414 0.00195312
1415 0.00195312
1416 0.00195312
1417 0.00195312
1418 0.00195312
1419 0.00195312
1420 0.00195312
1421 0
1422 0
1423 0
1424 0
1425 0
1426 0
1427 0
1428 0
1429 0
1430 0
1431 0
1432 0
1433 0
1434 0
1435 0
1436 0
1437 0
1438 0
1439 0
1440 0
1441 0
1442 0
1443 0
1444 0
1445 0
1446 0
1447 0
1448 0
1449 0
1450 0
1451 0.00195312
1452 0.00195312
1453 0.00195312
1454 0.00195312
1455 0.00195312
1456 0.0214844
1457 0.0214844
1458 0.0214844
1459 0.0214844
1460 0.0214844
1461 0.0214844
1462 0.0214844
1463 0.0214844
1464 0.0214844
1465 0.0214844
1466 0.0214844
1467 0.0214844
1468 0.0214844
1469 0.0214844
1470 0.0214844
1471 0.0214844
1472 0.0214844
1473 0.0214844
1474 0.0214844
1475 0.0234375
1476 0.0253906
1477 0.0253906
1478 0.0253906
1479 0.0253906
1480 0.0253906
1481 0.0253906
1482 0.0253906
1483 0.0253906
1484 0.0253906
1485 0.0253906
1486 0.0253906
1487 0.0253906
1488 0.0253906
1489 0.0253906
1490 0.0253906
1491 0.0253906
1492 0.0253906
1493 0.0253906
1494 0.0253906
1495 0.0253906
1496 0.0253906
1497 0.0253906
1498 0.0253906
1499 0.0292969
1500 0.0292969
1501 0.0273438
1502 0.0273438
1503 0.0273438
1504 0.0273438
1505 0.0273438
1506 0.0078125
1507 0.0078125
1508 0.0078125
1509 0.0078125
1510 0.0078125
1511 0.0078125
1512 0.0078125
1513 0.0078125
1514 0.0078125
1515 0.0078125
1516 0.0078125
1517 0.0078125
1518 0.0078125
1519 0.0078125
1520 0.0078125
1521 0.0078125
1522 0.0078125
1523 0.0078125
1524 0.0078125
1525 0.00585938
1526 0.00390625
1527 0.00585938
1528 0.00585938
1529 0.0078125
1530 0.0078125
1531 0.0078125
1532 0.0078125
1533 0.00976562
1534 0.00976562
1535 0.00976562
1536 0.00976562
1537 0.00976562
1538 0.00976562
1539 0.00976562
1540 0.00976562
1541 0.00976562
1542 0.00976562
1543 0.00976562
1544 0.00976562
1545 0.00976562
1546 0.00976562
1547 0.00976562
1548 0.00976562
1549 0.00585938
1550 0.00585938
1551 0.00585938
1552 0.00585938
1553 0.00585938
1554 0.00585938
1555 0.00585938
1556 0.00585938
1557 0.00585938
1558 0.00585938
1559 0.00585938
1560 0.0253906
1561 0.0253906
1562 0.0253906
1563 0.0253906
1564 0.0253906
1565 0.0253906
1566 0.0253906
1567 0.0253906
1568 0.0253906
1569 0.0253906
1570 0.0253906
1571 0.0253906
1572 0.0253906
1573 0.0253906
1574 0.0253906
1575 0.0253906
1576 0.0253906
1577 0.0234375
1578 0.0234375
1579 0.0234375
1580 0.0234375
1581 0.0253906
1582 0.0253906
1583 0.0234375
1584 0.0234375
1585 0.0234375
1586 0.0234375
1587 0.0234375
1588 0.0234375
1589 0.0234375
1590 0.0234375
1591 0.0234375
1592 0.0234375
1593 0.0234375
1594 0.0234375
1595 0.0234375
1596 0.0234375
1597 0.0234375
1598 0.0234375
1599 0.0234375
1600 0.0234375
1601 0.0234375
1602 0.0234375
1603 0.0234375
1604 0.0234375
1605 0.0234375
1606 0.0234375
1607 0.0234375
1608 0.0234375
1609 0.0234375
1610 0.00390625
1611 0.00390625
1612 0.00390625
1613 0.00390625
1614 0.00390625
1615 0.00585938
1616 0.00585938
1617 0.00585938
1618 0.00585938
1619 0.00585938
1620 0.00585938
1621 0.00585938
1622 0.00585938
1623 0.00585938
1624 0.00585938
1625 0.00585938
1626 0.00585938
1627 0.00585938
1628 0.00585938
1629 0.00390625
1630 0.00390625
1631 0.00195312
1632 0.00195312
1633 0.00390625
1634 0.00390625
1635 0.00390625
1636 0.00390625
1637 0.00390625
1638 0.00390625
1639 0.00390625
1640 0.00390625
1641 0.00390625
1642 0.00390625
1643 0.00390625
1644 0.00390625
1645 0.00390625
1646 0.00390625
1647 0.00390625
1648 0.00390625
1649 0.00390625
1650 0.00390625
1651 0.00390625
1652 0.00390625
1653 0.00390625
1654 0.00390625
1655 0.00390625
1656 0.00390625
1657 0.00390625
1658 0.00390625
1659 0.00390625
1660 0.00390625
1661 0.00390625
1662 0.00390625
1663 0.00390625
1664 0.0214844
1665 0.0195312
1666 0.0195312
1667 0.0195312
1668 0.0195312
1669 0.0195312
1670 0.0195312
1671 0.0195312
1672 0.0195312
1673 0.0195312
1674 0.0195312
1675 0.0195312
1676 0.0195312
1677 0.0195312
1678 0.0195312
1679 0.0195312
1680 0.0195312
1681 0.0195312
1682 0.0195312
1683 0.0195312
1684 0.0195312
1685 0.0214844
1686 0.0214844
1687 0.0214844
1688 0.0214844
1689 0.0214844
1690 0.0214844
1691 0.0214844
1692 0.0214844
1693 0.0214844
1694 0.0214844
1695 0.0214844
1696 0.0214844
1697 0.0214844
1698 0.0214844
1699 0.0214844
1700 0.0214844
1701 0.0214844
1702 0.0214844
1703 0.0214844
1704 0.0214844
1705 0.0214844
1706 0.0214844
1707 0.0214844
1708 0.0214844
1709 0.0214844
1710 0.0214844
1711 0.0214844
1712 0.0214844
1713 0.0214844
1714 0.00390625
1715 0.00390625
1716 0.00390625
1717 0.00390625
1718 0.00390625
1719 0.00585938
1720 0.00585938
1721 0.00585938
1722 0.00585938
1723 0.00585938
1724 0.00585938
1725 0.00585938
1726 0.00585938
1727 0.00585938
1728 0.00585938
1729 0.00585938
1730 0.00585938
1731 0.00585938
1732 0.00585938
1733 0.00390625
1734 0.00390625
1735 0.00195312
1736 0.00195312
1737 0.00195312
1738 0.00195312
1739 0.00195312
1740 0.00195312
1741 0.00195312
1742 0.00195312
1743 0.00195312
1744 0.00195312
1745 0.00195312
1746 0.00195312
1747 0.00195312
1748 0.00195312
1749 0.00195312
1750 0.00195312
1751 0.00195312
1752 0.00195312
1753 0.00195312
1754 0.00195312
1755 0.00195312
1756 0.00195312
1757 0.00195312
1758 0.00195312
1759 0.00195312
1760 0.00195312
1761 0.00195312
1762 0.00195312
1763 0.00195312
1764 0.00195312
1765 0.00195312
1766 0.00195312
1767 0.00195312
1768 0.0175781
1769 0.015625
1770 0.015625
1771 0.015625
1772 0.015625
1773 0.015625
1774 0.015625
1775 0.015625
1776 0.015625
1777 0.015625
1778 0.015625
1779 0.015625
1780 0.015625
1781 0.015625
1782 0.015625
1783 0.015625
1784 0.015625
1785 0.015625
1786 0.015625
1787 0.0175781
1788 0.0175781
1789 0.0175781
1790 0.0175781
1791 0.0175781
1792 0.0175781
1793 0.0175781
1794 0.0175781
1795 0.0175781
1796 0.0175781
1797 0.0175781
1798 0.0175781
1799 0.0175781
1800 0.0175781
1801 0.0175781
1802 0.0175781
1803 0.0175781
1804 0.0175781
1805 0.0175781
1806 0.0175781
1807 0.0175781
1808 0.0175781
1809 0.0175781
1810 0.0175781
1811 0.0195312
1812 0.0195312
1813 0.0195312
1814 0.0195312
1815 0.0195312
1816 0.0195312
1817 0.0195312
1818 0.00390625
1819 0.00390625
1820 0.00390625
1821 0.00390625
1822 0.00390625
1823 0.00390625
1824 0.00390625
1825 0.00390625
1826 0.00390625
1827 0.00390625
1828 0.00390625
1829 0.00390625
1830 0.00390625
1831 0.00390625
1832 0.00390625
1833 0.00390625
1834 0.00390625
1835 0.00390625
1836 0.00390625
1837 0.00195312
1838 0.00195312
1839 0.00195312
1840 0.00195312
1841 0.00390625
1842 0.00390625
1843 0.00390625
1844 0.00390625
1845 0.00390625
1846 0.00390625
1847 0.00390625
1848 0.00390625
1849 0.00390625
1850 0.00390625
1851 0.00390625
1852 0.00390625
1853 0.00390625
1854 0.00390625
1855 0.00390625
1856 0.00390625
1857 0.00390625
1858 0.00390625
1859 0.00390625
1860 0.00390625
1861 0.00195312
1862 0.00195312
1863 0.00195312
1864 0.00195312
1865 0.00195312
1866 0.00195312
1867 0.00195312
1868 0.00195312
1869 0.00195312
1870 0.00195312
1871 0.00195312
1872 0.0195312
1873 0.0195312
1874 0.0195312
1875 0.0195312
1876 0.0195312
1877 0.0195312
1878 0.0195312
1879 0.0195312
1880 0.0195312
1881 0.0195312
1882 0.0195312
1883 0.0195312
1884 0.0195312
1885 0.0195312
1886 0.0195312
1887 0.0195312
1888 0.0195312
1889 0.0214844
1890 0.0214844
1891 0.0214844
1892 0.0214844
1893 0.0214844
1894 0.0214844
1895 0.0214844
1896 0.0214844
1897 0.0214844
1898 0.0214844
1899 0.0214844
1900 0.0214844
1901 0.0214844
1902 0.0214844
1903 0.0214844
1904 0.0214844
1905 0.0214844
1906 0.0214844
1907 0.0214844
1908 0.0214844
1909 0.0214844
1910 0.0214844
1911 0.0214844
1912 0.0214844
1913 0.0214844
1914 0.0214844
1915 0.0214844
1916 0.0214844
1917 0.0214844
1918 0.0214844
1919 0.0214844
1920 0.0214844
1921 0.0214844
1922 0.00390625
1923 0.00390625
1924 0.00390625
1925 0.00390625
1926 0.00390625
1927 0.00390625
1928 0.00390625
1929 0.00390625
1930 0.00390625
1931 0.00390625
1932 0.00390625
1933 0.00390625
1934 0.00390625
1935 0.00390625
1936 0.00390625
1937 0.00390625
1938 0.00390625
1939 0.00195312
1940 0.00195312
1941 0
1942 0
1943 0
1944 0
1945 0.00195312
1946 0.00195312
1947 0.00195312
1948 0.00195312
1949 0.00195312
1950 0.00195312
1951 0.00195312
1952 0.00195312
1953 0.00195312
1954 0.00195312
1955 0.00195312
1956 0.00195312
1957 0.00195312
1958 0.00195312
1959 0.00195312
1960 0.00195312
1961 0.00195312
1962 0.00195312
1963 0.00195312
1964 0.00195312
1965 0.00195312
1966 0.00195312
1967 0.00195312
1968 0.00195312
1969 0.00195312
1970 0.00195312
1971 0.00195312
1972 0.00195312
1973 0.00195312
1974 0.00195312
1975 0.00195312
1976 0.0214844
1977 0.0214844
1978 0.0214844
1979 0.0214844
1980 0.0214844
1981 0.0214844
1982 0.0214844
1983 0.0214844
1984 0.0214844
1985 0.0214844
1986 0.0214844
1987 0.0214844
1988 0.0214844
1989 0.0214844
1990 0.0214844
1991 0.0214844
1992 0.0214844
1993 0.0214844
1994 0.0214844
1995 0.0214844
1996 0.0214844
1997 0.0214844
1998 0.0214844
1999 0.0214844
