0 0
1 0
2 0.00363636
3 0.00363636
4 0.00363636
5 0.00363636
6 0.00363636
7 0.00363636
8 0.00363636
9 0.010303
10 0.0169697
11 0.0169697
12 0.0169697
13 0.0169697
14 0.0169697
15 0.0169697
16 0.0169697
17 0.0206061
18 0.0206061
19 0.0206061
20 0.0206061
21 0.0242424
22 0.0242424
23 0.0242424
24 0.0242424
25 0.029697
26 0.029697
27 0.029697
28 0.0363636
29 0.0363636
30 0.0418182
31 0.0418182
32 0.0418182
33 0.0454546
34 0.0454546
35 0.0554545
36 0.0609091
37 0.0609091
38 0.0609091
39 0.0609091
40 0.0609091
41 0.0609091
42 0.0645455
43 0.0645455
44 0.0645455
45 0.0645455
46 0.0645455
47 0.0645455
48 0.0645455
49 0.0645455
50 0.0645455
51 0.0695455
52 0.0659091
53 0.0659091
54 0.0659091
55 0.0659091
56 0.0759091
57 0.0831818
58 0.0881818
59 0.0815151
60 0.0748485
61 0.0748485
62 0.0748485
63 0.0748485
64 0.0748485
65 0.0766667
66 0.0766667
67 0.0730303
68 0.0730303
69 0.0730303
70 0.0730303
71 0.0766667
72 0.0766667
73 0.0766667
74 0.0766667
75 0.0712121
76 0.0712121
77 0.0712121
78 0.0645455
79 0.0645455
80 0.0590909
81 0.0590909
82 0.0590909
83 0.0554545
84 0.0554545
85 0.0454546
86 0.04
87 0.04
88 0.0466667
89 0.0466667
90 0.0466667
91 0.0466667
92 0.0484849
93 0.0484849
94 0.0484849
95 0.0484849
96 0.0484849
97 0.0551515
98 0.0624242
99 0.0624242
100 0.0624242
101 0.0574242
102 0.0574242
103 0.0628788
104 0.0628788
105 0.0762121
106 0.0724621
107 0.0751894
108 0.0835227
109 0.0901894
110 0.100189
111 0.113523
112 0.124432
113 0.134432
114 0.143663
115 0.149622
116 0.162956
117 0.173725
118 0.186225
119 0.198225
120 0.21251
121 0.210238
122 0.220238
123 0.233571
124 0.243571
125 0.249725
126 0.263058
127 0.275915
128 0.292582
129 0.301332
130 0.316332
131 0.324665
132 0.334665
133 0.344077
134 0.352077
135 0.35796
136 0.374626
137 0.382126
138 0.39046
139 0.408641
140 0.417391
141 0.426725
142 0.42377
143 0.437103
144 0.450437
145 0.465437
146 0.471591
147 0.473674
148 0.476401
149 0.48731
150 0.496644
151 0.501644
152 0.504501
153 0.515713
154 0.526622
155 0.519003
156 0.522753
157 0.520753
158 0.51492
159 0.516253
160 0.516253
161 0.514031
162 0.508836
163 0.508836
164 0.502462
165 0.504685
166 0.499923
167 0.49582
168 0.49832
169 0.49232
170 0.493034
171 0.500534
172 0.493391
173 0.491169
174 0.492419
175 0.49803
176 0.49184
177 0.488982
178 0.485649
179 0.486899
180 0.48099
181 0.478657
182 0.484212
183 0.48571
184 0.48771
185 0.496827
186 0.486827
187 0.491827
188 0.488827
189 0.475645
190 0.48228
191 0.482947
192 0.49378
193 0.485901
194 0.477568
195 0.478932
196 0.482111
197 0.480028
198 0.482028
199 0.476573
200 0.47724
201 0.484967
202 0.489253
203 0.477586
204 0.481677
205 0.485963
206 0.490249
207 0.487703
208 0.480203
209 0.48506
210 0.48506
211 0.484616
212 0.488313
213 0.487063
214 0.494206
215 0.495317
216 0.49622
217 0.499553
218 0.492172
219 0.492839
220 0.489839
221 0.485339
222 0.489481
223 0.487704
224 0.492454
225 0.486843
226 0.491129
227 0.49224
228 0.48838
229 0.48838
230 0.488178
231 0.491067
232 0.483204
233 0.478448
234 0.475948
235 0.472615
236 0.474948
237 0.469115
238 0.462948
239 0.467179
240 0.464522
241 0.461581
242 0.463803
243 0.468348
244 0.472439
245 0.465599
246 0.461266
247 0.464599
248 0.464266
249 0.474811
250 0.474145
251 0.466635
252 0.474492
253 0.479492
254 0.474492
255 0.473063
256 0.462778
257 0.467323
258 0.476797
259 0.47394
260 0.476667
261 0.475231
262 0.475231
263 0.474481
264 0.471148
265 0.467729
266 0.463773
267 0.461045
268 0.467972
269 0.470396
270 0.465063
271 0.470396
272 0.476253
273 0.474063
274 0.468972
275 0.471568
276 0.473473
277 0.473028
278 0.470697
279 0.469269
280 0.46663
281 0.466832
282 0.46914
283 0.471168
284 0.47094
285 0.464988
286 0.464738
287 0.468071
288 0.465874
289 0.466644
290 0.461189
291 0.46413
292 0.456267
293 0.4516
294 0.449652
295 0.447954
296 0.450954
297 0.446172
298 0.443077
299 0.437603
300 0.437158
301 0.439719
302 0.434131
303 0.433542
304 0.433542
305 0.434495
306 0.437767
307 0.437767
308 0.437044
309 0.436456
310 0.434637
311 0.429157
312 0.422602
313 0.424602
314 0.425935
315 0.426939
316 0.430945
317 0.433084
318 0.427428
319 0.430837
320 0.43417
321 0.427837
322 0.421646
323 0.420867
324 0.419291
325 0.416941
326 0.410275
327 0.407386
328 0.411671
329 0.40935
330 0.415408
331 0.417567
332 0.415186
333 0.413671
334 0.415872
335 0.418157
336 0.416607
337 0.413274
338 0.418638
339 0.417333
340 0.418061
341 0.415203
342 0.414919
343 0.418474
344 0.421331
345 0.420874
346 0.420651
347 0.424525
348 0.423361
349 0.422358
350 0.420528
351 0.421751
352 0.421339
353 0.424235
354 0.422235
355 0.418425
356 0.421819
357 0.42091
358 0.421684
359 0.418939
360 0.413585
361 0.415922
362 0.421065
363 0.421591
364 0.421827
365 0.422131
366 0.421496
367 0.422751
368 0.420529
369 0.415721
370 0.411721
371 0.411388
372 0.414721
373 0.418884
374 0.415866
375 0.416966
376 0.4193
377 0.4193
378 0.41549
379 0.417475
380 0.415168
381 0.412918
382 0.414389
383 0.416418
384 0.413611
385 0.414611
386 0.417411
387 0.418437
388 0.415363
389 0.414286
390 0.41462
391 0.416048
392 0.4157
393 0.423478
394 0.424387
395 0.427544
396 0.428338
397 0.427997
398 0.42659
399 0.423989
400 0.424756
401 0.422956
402 0.421782
403 0.419475
404 0.418675
405 0.421294
406 0.422392
407 0.423301
408 0.421959
409 0.424816
410 0.426668
411 0.430055
412 0.431528
413 0.429423
414 0.429014
415 0.423764
416 0.419875
417 0.420319
418 0.423177
419 0.424575
420 0.427147
421 0.428662
422 0.425934
423 0.425408
424 0.428616
425 0.429812
426 0.428504
427 0.428345
428 0.435726
429 0.435824
430 0.43452
431 0.43452
432 0.435955
433 0.43226
434 0.443593
435 0.444067
436 0.442067
437 0.442374
438 0.444275
439 0.444656
440 0.445018
441 0.442898
442 0.445363
443 0.436696
444 0.43271
445 0.428434
446 0.428196
447 0.4256
448 0.430126
449 0.431774
450 0.433039
451 0.43493
452 0.435104
453 0.434195
454 0.434268
455 0.434355
456 0.432591
457 0.430924
458 0.429194
459 0.426122
460 0.427805
461 0.426332
462 0.425949
463 0.426099
464 0.423035
465 0.426208
466 0.429541
467 0.427126
468 0.425602
469 0.427037
470 0.426292
471 0.425803
472 0.425673
473 0.422816
474 0.419499
475 0.417726
476 0.42056
477 0.422032
478 0.415214
479 0.41588
480 0.415518
481 0.414018
482 0.413492
483 0.41586
484 0.40786
485 0.407082
486 0.406282
487 0.405482
488 0.405656
489 0.408767
490 0.409595
491 0.412235
492 0.409162
493 0.410686
494 0.411456
495 0.413901
496 0.412768
497 0.416614
498 0.417338
499 0.417462
500 0.415038
501 0.409756
502 0.411168
503 0.408744
504 0.409297
505 0.408702
506 0.407274
507 0.40694
508 0.406643
509 0.407883
510 0.408316
511 0.408316
512 0.406182
513 0.408137
514 0.410271
515 0.413348
516 0.413711
517 0.415015
518 0.416489
519 0.409712
520 0.406502
521 0.410059
522 0.411488
523 0.413041
524 0.415529
525 0.418606
526 0.416651
527 0.418087
528 0.419429
529 0.417929
530 0.417003
531 0.418594
532 0.419705
533 0.42186
534 0.419553
535 0.419553
536 0.421826
537 0.420182
538 0.426468
539 0.424052
540 0.423224
541 0.421276
542 0.42352
543 0.421996
544 0.422999
545 0.421711
546 0.422511
547 0.420845
548 0.417002
549 0.415999
550 0.417665
551 0.421263
552 0.421325
553 0.423749
554 0.425014
555 0.426279
556 0.425708
557 0.426798
558 0.428471
559 0.429474
560 0.428284
561 0.428284
562 0.42966
563 0.425801
564 0.426047
565 0.425138
566 0.425966
567 0.424662
568 0.422807
569 0.424771
570 0.428156
571 0.425239
572 0.423335
573 0.424163
574 0.424163
575 0.419877
576 0.418202
577 0.416371
578 0.413514
579 0.412075
580 0.414191
581 0.412508
582 0.410921
583 0.411397
584 0.413704
585 0.412835
586 0.411694
587 0.415139
588 0.410853
589 0.410853
590 0.410491
591 0.41104
592 0.411345
593 0.413345
594 0.41374
595 0.415028
596 0.414721
597 0.415083
598 0.415083
599 0.414287
600 0.414287
601 0.424657
602 0.422384
603 0.421989
604 0.421231
605 0.421231
606 0.421413
607 0.420655
608 0.419972
609 0.419276
610 0.418635
611 0.418635
612 0.417199
613 0.418865
614 0.421722
615 0.420457
616 0.418341
617 0.418736
618 0.418525
619 0.423337
620 0.423029
621 0.425222
622 0.428079
623 0.422305
624 0.417895
625 0.422181
626 0.424285
627 0.424285
628 0.426314
629 0.430253
630 0.428911
631 0.431504
632 0.431504
633 0.429196
634 0.427196
635 0.428461
636 0.428823
637 0.428519
638 0.426211
639 0.426211
640 0.426969
641 0.425943
642 0.428372
643 0.427067
644 0.42631
645 0.424757
646 0.425064
647 0.42546
648 0.426748
649 0.427259
650 0.426926
651 0.418239
652 0.421039
653 0.420343
654 0.421101
655 0.419702
656 0.42152
657 0.422278
658 0.42383
659 0.424921
660 0.424921
661 0.425617
662 0.428244
663 0.429002
664 0.427002
665 0.427176
666 0.427768
667 0.425129
668 0.425414
669 0.423221
670 0.42462
671 0.424093
672 0.422751
673 0.425453
674 0.428575
675 0.425717
676 0.423614
677 0.423252
678 0.423647
679 0.420099
680 0.41906
681 0.41906
682 0.417228
683 0.41906
684 0.419755
685 0.418072
686 0.419902
687 0.419033
688 0.419167
689 0.419167
690 0.418771
691 0.421105
692 0.4192
693 0.418504
694 0.417067
695 0.418258
696 0.418591
697 0.418591
698 0.418987
699 0.42067
700 0.420077
701 0.418987
702 0.416129
703 0.415026
704 0.415026
705 0.425334
706 0.424029
707 0.423272
708 0.422268
709 0.421873
710 0.423705
711 0.422152
712 0.419295
713 0.417611
714 0.417304
715 0.416996
716 0.416996
717 0.41924
718 0.421071
719 0.422738
720 0.42198
721 0.421504
722 0.420246
723 0.423268
724 0.423553
725 0.426936
726 0.42913
727 0.423955
728 0.421114
729 0.428948
730 0.431329
731 0.430025
732 0.431423
733 0.430081
734 0.431386
735 0.433069
736 0.431238
737 0.432936
738 0.433443
739 0.432748
740 0.432748
741 0.432443
742 0.431615
743 0.432311
744 0.43411
745 0.433958
746 0.43739
747 0.43739
748 0.436632
749 0.434684
750 0.435277
751 0.435972
752 0.437163
753 0.437674
754 0.435726
755 0.425133
756 0.425528
757 0.425528
758 0.42736
759 0.426357
760 0.426357
761 0.42974
762 0.432597
763 0.433885
764 0.434889
765 0.434604
766 0.436128
767 0.436128
768 0.4353
769 0.431966
770 0.431633
771 0.429006
772 0.42949
773 0.42835
774 0.430181
775 0.429655
776 0.429655
777 0.435192
778 0.436635
779 0.429756
780 0.426483
781 0.427311
782 0.42572
783 0.42399
784 0.421397
785 0.421397
786 0.419901
787 0.419901
788 0.419901
789 0.419309
790 0.420613
791 0.421009
792 0.420646
793 0.420646
794 0.421041
795 0.423386
796 0.420621
797 0.41953
798 0.418889
799 0.420442
800 0.421138
801 0.421138
802 0.420497
803 0.421785
804 0.42205
805 0.422975
806 0.420135
807 0.418944
808 0.41692
809 0.419895
810 0.418704
811 0.416511
812 0.414395
813 0.413391
814 0.412696
815 0.412211
816 0.41038
817 0.408351
818 0.407348
819 0.408681
820 0.407578
821 0.409377
822 0.411493
823 0.414271
824 0.412439
825 0.411963
826 0.410872
827 0.412703
828 0.414101
829 0.41722
830 0.422081
831 0.415716
832 0.417306
833 0.42262
834 0.425212
835 0.424121
836 0.426445
837 0.426445
838 0.427636
839 0.429319
840 0.428015
841 0.426616
842 0.426978
843 0.42569
844 0.425295
845 0.422461
846 0.421461
847 0.421794
848 0.422798
849 0.422102
850 0.422102
851 0.422102
852 0.423105
853 0.421552
854 0.421837
855 0.4222
856 0.425041
857 0.42559
858 0.425782
859 0.422808
860 0.42317
861 0.423928
862 0.427047
863 0.42805
864 0.428383
865 0.430984
866 0.431625
867 0.433292
868 0.433933
869 0.433625
870 0.436729
871 0.436366
872 0.435538
873 0.432119
874 0.433951
875 0.431834
876 0.432925
877 0.43149
878 0.431095
879 0.429264
880 0.427244
881 0.431778
882 0.430095
883 0.427026
884 0.423692
885 0.424783
886 0.422459
887 0.420343
888 0.418819
889 0.418819
890 0.417816
891 0.419647
892 0.419647
893 0.418907
894 0.419302
895 0.41961
896 0.419302
897 0.42006
898 0.419364
899 0.422475
900 0.422475
901 0.421779
902 0.42091
903 0.421459
904 0.422463
905 0.423291
906 0.421892
907 0.422895
908 0.422611
909 0.422918
910 0.42163
911 0.419682
912 0.418679
913 0.420572
914 0.42133
915 0.419806
916 0.420168
917 0.419835
918 0.420197
919 0.420838
920 0.418838
921 0.417401
922 0.416398
923 0.416113
924 0.413486
925 0.415169
926 0.415602
927 0.417038
928 0.417038
929 0.417433
930 0.416034
931 0.418868
932 0.421461
933 0.423876
934 0.42621
935 0.420119
936 0.422919
937 0.427276
938 0.429802
939 0.427378
940 0.42921
941 0.428777
942 0.429605
943 0.431634
944 0.430876
945 0.431967
946 0.432971
947 0.431023
948 0.432113
949 0.428695
950 0.427142
951 0.427475
952 0.429649
953 0.430652
954 0.431957
955 0.430766
956 0.430481
957 0.428682
958 0.428967
959 0.429663
960 0.430951
961 0.431216
962 0.428588
963 0.426334
964 0.425938
965 0.427029
966 0.427424
967 0.42812
968 0.42812
969 0.429787
970 0.429287
971 0.43039
972 0.431031
973 0.431316
974 0.434946
975 0.434551
976 0.43336
977 0.430526
978 0.430921
979 0.429523
980 0.430921
981 0.430395
982 0.428728
983 0.427141
984 0.427665
985 0.432665
986 0.430072
987 0.426641
988 0.422566
989 0.4234
990 0.422571
991 0.420623
992 0.418792
993 0.419187
994 0.418546
995 0.417789
996 0.417275
997 0.418132
998 0.417737
999 0.418378
1000 0.418642
1001 0.418001
1002 0.416334
1003 0.417639
1004 0.415139
1005 0.415501
1006 0.415786
1007 0.416089
1008 0.41673
1009 0.417559
1010 0.416555
1011 0.417844
1012 0.418354
1013 0.418717
1014 0.417164
1015 0.415765
1016 0.414856
1017 0.416161
1018 0.416556
1019 0.414556
1020 0.416147
1021 0.41529
1022 0.415652
1023 0.41596
1024 0.411833
1025 0.411138
1026 0.410497
1027 0.410804
1028 0.408856
1029 0.40899
1030 0.41101
1031 0.412121
1032 0.412121
1033 0.411293
1034 0.408969
1035 0.410493
1036 0.413086
1037 0.415863
1038 0.418412
1039 0.413912
1040 0.415216
1041 0.418662
1042 0.42208
1043 0.420132
1044 0.421136
1045 0.422326
1046 0.423668
1047 0.424364
1048 0.424364
1049 0.423438
1050 0.424726
1051 0.424726
1052 0.424726
1053 0.422726
1054 0.422369
1055 0.421673
1056 0.422677
1057 0.423169
1058 0.42436
1059 0.423531
1060 0.422982
1061 0.420953
1062 0.421546
1063 0.421941
1064 0.423889
1065 0.423604
1066 0.422319
1067 0.421014
1068 0.420257
1069 0.419949
1070 0.419949
1071 0.420498
1072 0.420498
1073 0.421589
1074 0.423523
1075 0.423856
1076 0.42306
1077 0.423756
1078 0.426613
1079 0.42712
1080 0.424343
1081 0.421232
1082 0.420591
1083 0.420228
1084 0.422119
1085 0.422119
1086 0.420452
1087 0.417675
1088 0.417766
1089 0.422173
1090 0.41958
1091 0.416992
1092 0.412131
1093 0.412988
1094 0.412626
1095 0.409554
1096 0.407722
1097 0.40736
1098 0.406357
1099 0.40804
1100 0.406544
1101 0.407185
1102 0.407943
1103 0.407635
1104 0.408185
1105 0.409709
1106 0.408705
1107 0.411013
1108 0.409822
1109 0.409822
1110 0.409576
1111 0.410602
1112 0.410602
1113 0.410602
1114 0.409511
1115 0.410799
1116 0.41131
1117 0.410948
1118 0.410022
1119 0.410022
1120 0.410022
1121 0.414094
1122 0.414489
1123 0.413732
1124 0.413398
1125 0.412757
1126 0.414557
1127 0.413553
1128 0.411053
1129 0.410412
1130 0.409771
1131 0.409771
1132 0.40853
1133 0.409288
1134 0.408893
1135 0.409895
1136 0.410257
1137 0.411015
1138 0.409924
1139 0.412517
1140 0.4142
1141 0.417311
1142 0.420535
1143 0.415693
1144 0.418269
1145 0.422928
1146 0.425762
1147 0.424325
1148 0.425724
1149 0.425724
1150 0.428048
1151 0.42841
1152 0.427653
1153 0.429051
1154 0.430055
1155 0.429226
1156 0.431058
1157 0.429058
1158 0.427867
1159 0.427172
1160 0.428971
1161 0.429279
1162 0.431805
1163 0.43141
1164 0.430552
1165 0.428308
1166 0.429597
1167 0.430354
1168 0.432038
1169 0.432038
1170 0.43009
1171 0.426325
1172 0.42593
1173 0.425289
1174 0.42638
1175 0.42638
1176 0.426017
1177 0.427021
1178 0.427854
1179 0.428162
1180 0.427366
1181 0.428062
1182 0.43161
1183 0.430211
1184 0.429849
1185 0.427323
1186 0.426627
1187 0.42587
1188 0.42696
1189 0.426051
1190 0.425656
1191 0.423241
1192 0.422338
1193 0.42718
1194 0.424271
1195 0.421856
1196 0.417996
1197 0.419433
1198 0.418675
1199 0.417411
1200 0.415294
1201 0.415294
1202 0.414653
1203 0.414258
1204 0.41297
1205 0.412607
1206 0.412174
1207 0.412174
1208 0.412724
1209 0.41342
1210 0.413057
1211 0.414581
1212 0.412388
1213 0.412026
1214 0.411779
1215 0.413661
1216 0.412658
1217 0.413091
1218 0.411692
1219 0.412695
1220 0.41296
1221 0.413293
1222 0.41229
1223 0.41229
1224 0.41229
1225 0.416362
1226 0.416725
1227 0.416362
1228 0.416362
1229 0.41577
1230 0.417207
1231 0.416511
1232 0.414844
1233 0.415485
1234 0.414844
1235 0.415178
1236 0.413629
1237 0.413992
1238 0.413992
1239 0.416012
1240 0.415649
1241 0.415649
1242 0.415078
1243 0.417604
1244 0.419128
1245 0.422197
1246 0.426119
1247 0.420943
1248 0.42261
1249 0.426549
1250 0.430252
1251 0.428453
1252 0.429852
1253 0.429852
1254 0.432444
1255 0.434111
1256 0.434111
1257 0.433803
1258 0.434444
1259 0.434444
1260 0.434807
1261 0.433283
1262 0.432357
1263 0.432357
1264 0.433794
1265 0.43346
1266 0.435768
1267 0.434578
1268 0.433782
1269 0.431147
1270 0.431739
1271 0.432497
1272 0.433896
1273 0.433896
1274 0.431471
1275 0.42804
1276 0.42804
1277 0.427399
1278 0.427761
1279 0.428046
1280 0.427539
1281 0.428235
1282 0.428597
1283 0.428597
1284 0.428597
1285 0.429354
1286 0.432903
1287 0.434734
1288 0.433643
1289 0.430865
1290 0.431227
1291 0.430865
1292 0.431956
1293 0.430953
1294 0.43052
1295 0.427089
1296 0.425196
1297 0.429181
1298 0.427181
1299 0.424112
1300 0.419898
1301 0.421335
1302 0.420939
1303 0.421335
1304 0.418742
1305 0.417438
1306 0.416039
1307 0.41668
1308 0.416039
1309 0.415343
1310 0.415739
1311 0.414405
1312 0.41469
1313 0.415053
1314 0.416719
1315 0.418719
1316 0.417052
1317 0.417415
1318 0.417926
1319 0.419557
1320 0.41925
1321 0.420159
1322 0.419068
1323 0.420071
1324 0.420812
1325 0.420812
1326 0.419013
1327 0.419321
1328 0.419321
1329 0.422155
1330 0.423024
1331 0.422328
1332 0.420556
1333 0.419915
1334 0.420918
1335 0.41952
1336 0.417853
1337 0.41566
1338 0.41566
1339 0.415327
1340 0.413298
1341 0.414055
1342 0.414055
1343 0.415058
1344 0.413967
1345 0.414724
1346 0.414029
1347 0.417412
1348 0.418936
1349 0.422005
1350 0.425109
1351 0.419933
1352 0.422147
1353 0.422579
1354 0.425698
1355 0.423899
1356 0.425298
1357 0.42566
1358 0.427492
1359 0.429016
1360 0.42862
1361 0.429646
1362 0.430287
1363 0.430682
1364 0.429773
1365 0.427773
1366 0.426336
1367 0.425641
1368 0.426567
1369 0.426567
1370 0.427965
1371 0.426299
1372 0.425195
1373 0.423396
1374 0.424322
1375 0.425079
1376 0.427707
1377 0.427399
1378 0.4256
1379 0.423074
1380 0.423074
1381 0.422481
1382 0.424254
1383 0.424254
1384 0.423891
1385 0.424532
1386 0.42529
1387 0.425652
1388 0.42506
1389 0.425755
1390 0.429615
1391 0.42922
1392 0.428462
1393 0.426269
1394 0.426602
1395 0.425511
1396 0.426602
1397 0.425167
1398 0.423976
1399 0.419904
1400 0.418995
1401 0.42298
1402 0.420071
1403 0.419243
1404 0.415613
1405 0.41705
1406 0.416654
1407 0.416292
1408 0.414176
1409 0.413348
1410 0.412344
1411 0.413348
1412 0.413014
1413 0.412257
1414 0.412257
1415 0.410708
1416 0.411504
1417 0.4122
1418 0.412957
1419 0.415265
1420 0.414174
1421 0.414174
1422 0.41442
1423 0.415524
1424 0.414598
1425 0.415507
1426 0.413675
1427 0.414679
1428 0.41519
1429 0.415885
1430 0.414086
1431 0.414679
1432 0.415074
1433 0.418493
1434 0.418855
1435 0.418522
1436 0.417123
1437 0.415324
1438 0.41625
1439 0.41625
1440 0.414419
1441 0.414419
1442 0.413778
1443 0.413445
1444 0.411778
1445 0.412474
1446 0.412079
1447 0.413514
1448 0.413181
1449 0.414184
1450 0.413093
1451 0.41595
1452 0.417474
1453 0.420543
1454 0.424235
1455 0.419059
1456 0.420364
1457 0.421121
1458 0.424825
1459 0.422796
1460 0.424195
1461 0.424195
1462 0.425718
1463 0.426909
1464 0.426909
1465 0.42815
1466 0.428457
1467 0.428457
1468 0.428457
1469 0.425865
1470 0.424761
1471 0.424761
1472 0.425952
1473 0.425952
1474 0.428068
1475 0.426402
1476 0.425852
1477 0.424053
1478 0.424646
1479 0.425041
1480 0.42684
1481 0.426532
1482 0.424338
1483 0.42156
1484 0.421955
1485 0.421098
1486 0.422102
1487 0.423205
1488 0.422872
1489 0.423267
1490 0.423267
1491 0.423267
1492 0.423267
1493 0.424791
1494 0.427648
1495 0.427648
1496 0.426952
1497 0.424759
1498 0.425093
1499 0.42473
1500 0.425426
1501 0.42495
1502 0.424122
1503 0.419764
1504 0.417872
1505 0.422406
1506 0.420098
1507 0.420098
1508 0.415439
1509 0.417106
1510 0.416348
1511 0.417176
1512 0.41506
1513 0.413536
1514 0.412137
1515 0.411945
1516 0.410612
1517 0.410612
1518 0.410612
1519 0.410897
1520 0.412696
1521 0.413058
1522 0.414249
1523 0.415339
1524 0.413816
1525 0.413308
1526 0.413666
1527 0.415102
1528 0.415436
1529 0.415869
1530 0.415173
1531 0.415307
1532 0.414839
1533 0.414839
1534 0.412199
1535 0.413057
1536 0.413452
1537 0.416702
1538 0.417035
1539 0.415944
1540 0.414391
1541 0.413103
1542 0.412911
1543 0.411079
1544 0.409382
1545 0.408686
1546 0.408093
1547 0.40776
1548 0.406093
1549 0.407284
1550 0.407679
1551 0.409267
1552 0.408904
1553 0.410192
1554 0.409189
1555 0.412023
1556 0.413026
1557 0.4157
1558 0.418722
1559 0.413547
1560 0.416123
1561 0.415294
1562 0.418998
1563 0.417665
1564 0.419063
1565 0.420259
1566 0.421285
1567 0.422589
1568 0.422589
1569 0.422589
1570 0.422227
1571 0.422227
1572 0.421794
1573 0.420703
1574 0.419846
1575 0.420353
1576 0.421186
1577 0.421186
1578 0.422853
1579 0.421663
1580 0.420805
1581 0.420122
1582 0.422027
1583 0.423217
1584 0.425462
1585 0.424869
1586 0.42223
1587 0.418672
1588 0.419034
1589 0.418177
1590 0.41973
1591 0.420015
1592 0.421606
1593 0.422609
1594 0.423116
1595 0.42345
1596 0.423735
1597 0.42443
1598 0.427287
1599 0.426459
1600 0.425368
1601 0.42259
1602 0.422953
1603 0.421949
1604 0.423348
1605 0.422346
1606 0.42165
1607 0.417577
1608 0.417195
1609 0.42118
1610 0.417963
1611 0.418358
1612 0.413914
1613 0.41558
1614 0.414823
1615 0.41446
1616 0.414176
1617 0.413266
1618 0.411868
1619 0.412509
1620 0.411318
1621 0.410623
1622 0.410228
1623 0.40992
1624 0.41111
1625 0.41111
1626 0.412301
1627 0.413058
1628 0.411058
1629 0.410725
1630 0.410479
1631 0.411336
1632 0.411698
1633 0.411265
1634 0.41057
1635 0.411496
1636 0.41194
1637 0.412581
1638 0.410552
1639 0.41141
1640 0.412238
1641 0.415072
1642 0.414314
1643 0.413619
1644 0.412978
1645 0.411541
1646 0.412182
1647 0.411486
1648 0.410296
1649 0.409292
1650 0.408985
1651 0.408344
1652 0.406315
1653 0.407318
1654 0.407318
1655 0.40832
1656 0.40832
1657 0.409719
1658 0.408961
1659 0.412345
1660 0.413348
1661 0.416022
1662 0.418355
1663 0.41318
1664 0.415756
1665 0.416946
1666 0.419539
1667 0.417344
1668 0.419176
1669 0.419538
1670 0.420729
1671 0.42182
1672 0.422215
1673 0.422215
1674 0.422215
1675 0.422215
1676 0.421782
1677 0.420383
1678 0.419791
1679 0.420124
1680 0.421561
1681 0.421894
1682 0.423199
1683 0.422803
1684 0.421946
1685 0.420756
1686 0.421552
1687 0.422309
1688 0.423642
1689 0.422785
1690 0.419511
1691 0.417318
1692 0.418076
1693 0.417219
1694 0.418618
1695 0.419413
1696 0.419776
1697 0.420867
1698 0.420867
1699 0.421508
1700 0.421508
1701 0.422511
1702 0.425368
1703 0.425763
1704 0.424672
1705 0.422479
1706 0.422813
1707 0.421722
1708 0.422479
1709 0.421477
1710 0.420781
1711 0.417017
1712 0.416712
1713 0.420962
1714 0.417745
1715 0.417745
1716 0.414412
1717 0.415848
1718 0.414658
1719 0.414658
1720 0.413732
1721 0.413337
1722 0.410913
1723 0.411554
1724 0.410628
1725 0.410294
1726 0.409899
1727 0.409614
1728 0.410902
1729 0.410569
1730 0.411327
1731 0.412084
1732 0.41078
1733 0.411175
1734 0.411175
1735 0.412032
1736 0.412673
1737 0.413106
1738 0.413106
1739 0.414297
1740 0.415189
1741 0.415189
1742 0.41255
1743 0.413407
1744 0.413407
1745 0.416241
1746 0.415546
1747 0.414788
1748 0.413862
1749 0.412425
1750 0.413429
1751 0.413066
1752 0.411876
1753 0.409928
1754 0.409335
1755 0.409002
1756 0.407335
1757 0.408426
1758 0.408426
1759 0.410013
1760 0.410013
1761 0.411104
1762 0.410409
1763 0.413528
1764 0.414926
1765 0.417167
1766 0.4205
1767 0.415325
1768 0.416992
1769 0.417387
1770 0.420506
1771 0.418477
1772 0.42181
1773 0.422173
1774 0.423098
1775 0.424622
1776 0.425018
1777 0.425302
1778 0.42494
1779 0.425636
1780 0.425636
1781 0.423952
1782 0.422153
1783 0.421396
1784 0.422586
1785 0.422919
1786 0.42411
1787 0.423282
1788 0.422689
1789 0.421499
1790 0.422689
1791 0.423447
1792 0.424995
1793 0.424403
1794 0.421763
1795 0.418929
1796 0.419625
1797 0.418434
1798 0.419723
1799 0.420518
1800 0.420518
1801 0.420881
1802 0.420547
1803 0.421738
1804 0.421738
1805 0.422071
1806 0.424928
1807 0.424533
1808 0.423135
1809 0.420023
1810 0.420357
1811 0.418958
1812 0.420049
1813 0.419047
1814 0.417956
1815 0.413883
1816 0.412974
1817 0.416959
1818 0.414651
1819 0.414651
1820 0.410792
1821 0.412458
1822 0.410792
1823 0.412622
1824 0.411696
1825 0.410868
1826 0.408229
1827 0.409628
1828 0.408702
1829 0.408006
1830 0.407611
1831 0.407611
1832 0.40941
1833 0.409077
1834 0.409834
1835 0.410592
1836 0.409401
1837 0.409796
1838 0.409532
1839 0.410722
1840 0.411085
1841 0.411085
1842 0.410777
1843 0.411703
1844 0.412659
1845 0.413662
1846 0.411863
1847 0.41272
1848 0.413548
1849 0.416382
1850 0.41602
1851 0.415324
1852 0.415017
1853 0.414091
1854 0.415379
1855 0.415046
1856 0.413855
1857 0.412056
1858 0.411771
1859 0.411771
1860 0.410104
1861 0.411108
1862 0.411108
1863 0.41211
1864 0.412444
1865 0.413842
1866 0.413085
1867 0.415942
1868 0.41734
1869 0.420014
1870 0.422821
1871 0.417646
1872 0.419312
1873 0.41831
1874 0.421429
1875 0.41963
1876 0.423178
1877 0.423178
1878 0.423771
1879 0.425295
1880 0.42569
1881 0.425975
1882 0.425612
1883 0.426308
1884 0.426308
1885 0.425217
1886 0.42378
1887 0.423023
1888 0.424213
1889 0.424213
1890 0.425041
1891 0.424646
1892 0.424097
1893 0.422906
1894 0.423499
1895 0.423499
1896 0.42401
1897 0.423417
1898 0.420143
1899 0.41795
1900 0.418708
1901 0.417851
1902 0.418854
1903 0.419139
1904 0.418777
1905 0.41911
1906 0.41911
1907 0.420547
1908 0.420547
1909 0.421242
1910 0.4241
1911 0.4241
1912 0.423009
1913 0.420482
1914 0.420482
1915 0.419391
1916 0.420149
1917 0.419673
1918 0.418582
1919 0.414817
1920 0.414039
1921 0.418574
1922 0.416266
1923 0.416266
1924 0.412406
1925 0.413843
1926 0.412176
1927 0.413085
1928 0.412493
1929 0.411302
1930 0.408878
1931 0.409882
1932 0.409548
1933 0.408852
1934 0.408457
1935 0.407865
1936 0.409664
1937 0.40933
1938 0.410088
1939 0.410846
1940 0.409655
1941 0.41005
1942 0.41005
1943 0.410908
1944 0.411241
1945 0.412069
1946 0.412354
1947 0.413642
1948 0.4148
1949 0.4148
1950 0.412375
1951 0.413232
1952 0.413628
1953 0.418435
1954 0.418435
1955 0.418102
1956 0.417176
1957 0.415509
1958 0.417193
1959 0.416831
1960 0.41564
1961 0.413841
1962 0.413248
1963 0.413248
1964 0.411582
1965 0.413106
1966 0.413106
1967 0.414108
1968 0.414108
1969 0.415199
1970 0.414837
1971 0.418256
1972 0.419654
1973 0.421895
1974 0.424702
1975 0.419527
1976 0.421193
1977 0.420284
1978 0.42235
1979 0.42116
1980 0.424493
1981 0.424889
1982 0.424889
1983 0.425979
1984 0.426375
1985 0.42666
1986 0.426297
1987 0.427388
1988 0.427821
1989 0.426422
1990 0.424986
1991 0.424228
1992 0.425419
1993 0.425752
1994 0.427419
1995 0.42659
1996 0.426041
1997 0.424488
1998 0.425414
1999 0.426605
