0 0
1 1
2 2
3 3
4 4
5 5
6 6
7 7
8 8
9 9
10 10
11 11
12 12
13 13
14 14
15 15
16 16
17 17
18 18
19 19
20 20
21 21
22 22
23 23
24 24
25 25
26 26
27 27
28 28
29 29
30 30
31 31
32 32
33 33
34 34
35 35
36 36
37 37
38 38
39 39
40 40
41 41
42 42
43 43
44 44
45 45
46 46
47 47
48 48
49 49
50 50
51 51
52 52
53 53
54 54
55 55
56 56
57 57
58 58
59 59
60 60
61 61
62 62
63 63
64 64
65 65
66 66
67 67
68 68
69 69
70 70
71 71
72 72
73 73
74 74
75 75
76 76
77 77
78 78
79 79
80 80
81 81
82 82
83 83
84 84
85 85
86 86
87 87
88 88
89 89
90 90
91 91
92 92
93 93
94 94
95 95
96 96
97 97
98 98
99 99
100 100
101 100
102 101
103 101
104 0
105 1
106 2
107 3
108 4
109 5
110 6
111 7
112 8
113 9
114 10
115 11
116 12
117 13
118 14
119 15
120 16
121 17
122 18
123 19
124 20
125 21
126 22
127 23
128 24
129 25
130 26
131 27
132 28
133 29
134 30
135 31
136 32
137 33
138 34
139 35
140 36
141 37
142 38
143 39
144 40
145 41
146 42
147 43
148 44
149 45
150 46
151 47
152 48
153 49
154 50
155 51
156 52
157 53
158 54
159 55
160 56
161 57
162 58
163 59
164 60
165 61
166 62
167 63
168 64
169 65
170 66
171 67
172 68
173 69
174 70
175 71
176 72
177 73
178 74
179 75
180 76
181 77
182 78
183 79
184 80
185 81
186 82
187 83
188 84
189 85
190 86
191 87
192 88
193 89
194 90
195 91
196 92
197 93
198 94
199 95
200 96
201 97
202 98
203 99
204 100
205 100
206 101
207 101
208 0
209 1
210 2
211 3
212 4
213 5
214 6
215 7
216 8
217 9
218 10
219 11
220 12
221 13
222 14
223 15
224 16
225 17
226 18
227 19
228 20
229 21
230 22
231 23
232 24
233 25
234 26
235 27
236 28
237 29
238 30
239 31
240 32
241 33
242 34
243 35
244 36
245 37
246 38
247 39
248 40
249 41
250 42
251 43
252 44
253 45
254 46
255 47
256 48
257 49
258 50
259 51
260 52
261 53
262 54
263 55
264 56
265 57
266 58
267 59
268 60
269 61
270 62
271 63
272 64
273 65
274 66
275 67
276 68
277 69
278 70
279 71
280 72
281 73
282 74
283 75
284 76
285 77
286 78
287 79
288 80
289 81
290 82
291 83
292 84
293 85
294 86
295 87
296 88
297 89
298 90
299 91
300 92
301 93
302 94
303 95
304 96
305 97
306 98
307 99
308 100
309 100
310 101
311 101
312 0
313 1
314 2
315 3
316 4
317 5
318 6
319 7
320 8
321 9
322 10
323 11
324 12
325 13
326 14
327 15
328 16
329 17
330 18
331 19
332 20
333 21
334 22
335 23
336 24
337 25
338 26
339 27
340 28
341 29
342 30
343 31
344 32
345 33
346 34
347 35
348 36
349 37
350 38
351 39
352 40
353 41
354 42
355 43
356 44
357 45
358 46
359 47
360 48
361 49
362 50
363 51
364 52
365 53
366 54
367 55
368 56
369 57
370 58
371 59
372 60
373 61
374 62
375 63
376 64
377 65
378 66
379 67
380 68
381 69
382 70
383 71
384 72
385 73
386 74
387 75
388 76
389 77
390 78
391 79
392 80
393 81
394 82
395 83
396 84
397 85
398 86
399 87
400 88
401 89
402 90
403 91
404 92
405 93
406 94
407 95
408 96
409 97
410 98
411 99
412 100
413 100
414 101
415 101
416 0
417 1
418 2
419 3
420 4
421 5
422 6
423 7
424 8
425 9
426 10
427 11
428 12
429 13
430 14
431 15
432 16
433 17
434 18
435 19
436 20
437 21
438 22
439 23
440 24
441 25
442 26
443 27
444 28
445 29
446 30
447 31
448 32
449 33
450 34
451 35
452 36
453 37
454 38
455 39
456 40
457 41
458 42
459 43
460 44
461 45
462 46
463 47
464 48
465 49
466 50
467 51
468 52
469 53
470 54
471 55
472 56
473 57
474 58
475 59
476 60
477 61
478 62
479 63
480 64
481 65
482 66
483 67
484 68
485 69
486 70
487 71
488 72
489 73
490 74
491 75
492 76
493 77
494 78
495 79
496 80
497 81
498 82
499 83
