0 0
1 0
2 0
3 0
4 0
5 0
6 0
7 0
8 0
9 0.00363636
10 0.00363636
11 0.00363636
12 0.00363636
13 0.00363636
14 0.00363636
15 0.00545455
16 0.00545455
17 0.00545455
18 0.00545455
19 0.00545455
20 0.00545455
21 0.00545455
22 0.00545455
23 0.00545455
24 0.0127273
25 0.0127273
26 0.0127273
27 0.0127273
28 0.0127273
29 0.0127273
30 0.0127273
31 0.0181818
32 0.0181818
33 0.0181818
34 0.0181818
35 0.0181818
36 0.0181818
37 0.02
38 0.0218182
39 0.0290909
40 0.0290909
41 0.0290909
42 0.0290909
43 0.0290909
44 0.0290909
45 0.0290909
46 0.0290909
47 0.0290909
48 0.0309091
49 0.0309091
50 0.0381818
51 0.0381818
52 0.0381818
53 0.0381818
54 0.0381818
55 0.0381818
56 0.0381818
57 0.0381818
58 0.0381818
59 0.0345455
60 0.0345455
61 0.0345455
62 0.0345455
63 0.0381818
64 0.0381818
65 0.0363636
66 0.0363636
67 0.04
68 0.0436364
69 0.0454545
70 0.0454545
71 0.0454545
72 0.0454545
73 0.0509091
74 0.0436364
75 0.0436364
76 0.0490909
77 0.0490909
78 0.0490909
79 0.0545455
80 0.0545455
81 0.0545455
82 0.0545455
83 0.0618182
84 0.0618182
85 0.0618182
86 0.0618182
87 0.0618182
88 0.0636364
89 0.0563636
90 0.0563636
91 0.0654545
92 0.0709091
93 0.0709091
94 0.0709091
95 0.0727273
96 0.0727273
97 0.0727273
98 0.0709091
99 0.0709091
100 0.0654545
101 0.0654545
102 0.0763636
103 0.0863636
104 0.0863636
105 0.0881818
106 0.0990909
107 0.11
108 0.111818
109 0.126364
110 0.137273
111 0.140909
112 0.155455
113 0.164545
114 0.177273
115 0.188182
116 0.195455
117 0.200909
118 0.204545
119 0.204545
120 0.220909
121 0.224545
122 0.235454
123 0.239091
124 0.246364
125 0.253636
126 0.25
127 0.264545
128 0.279091
129 0.288182
130 0.299091
131 0.297273
132 0.308182
133 0.302727
134 0.320909
135 0.333636
136 0.348182
137 0.351818
138 0.348182
139 0.360909
140 0.366364
141 0.366364
142 0.375455
143 0.384546
144 0.391818
145 0.391818
146 0.397273
147 0.404546
148 0.415455
149 0.422727
150 0.43
151 0.437273
152 0.431818
153 0.44
154 0.456364
155 0.463636
156 0.452727
157 0.445455
158 0.458182
159 0.452727
160 0.447273
161 0.447273
162 0.445455
163 0.443636
164 0.436364
165 0.44
166 0.447273
167 0.443636
168 0.438182
169 0.441818
170 0.432727
171 0.443636
172 0.443636
173 0.447273
174 0.452727
175 0.449091
176 0.46
177 0.449091
178 0.441818
179 0.434545
180 0.436364
181 0.445455
182 0.441818
183 0.445455
184 0.443636
185 0.436364
186 0.427273
187 0.430909
188 0.434546
189 0.432727
190 0.436364
191 0.44
192 0.438182
193 0.434546
194 0.441818
195 0.454545
196 0.463636
197 0.463636
198 0.461818
199 0.463636
200 0.465455
201 0.465455
202 0.470909
203 0.463636
204 0.454545
205 0.456364
206 0.469091
207 0.475455
208 0.460909
209 0.466364
210 0.477273
211 0.488182
212 0.486364
213 0.488182
214 0.495455
215 0.484546
216 0.482727
217 0.493636
218 0.506364
219 0.513636
220 0.524546
221 0.528182
222 0.535455
223 0.531818
224 0.535455
225 0.548182
226 0.551818
227 0.562727
228 0.57
229 0.575455
230 0.57
231 0.57
232 0.580909
233 0.593636
234 0.591818
235 0.602727
236 0.606364
237 0.606364
238 0.619091
239 0.622727
240 0.63
241 0.635454
242 0.635454
243 0.640909
244 0.639091
245 0.642727
246 0.642727
247 0.648182
248 0.653636
249 0.651818
250 0.651818
251 0.653636
252 0.659091
253 0.657273
254 0.660909
255 0.657273
256 0.659091
257 0.665454
258 0.681818
259 0.68
260 0.674545
261 0.669091
262 0.674545
263 0.676364
264 0.674545
265 0.68
266 0.685454
267 0.685454
268 0.68
269 0.683636
270 0.681818
271 0.670909
272 0.667273
273 0.670909
274 0.670909
275 0.669091
276 0.665454
277 0.669091
278 0.672727
279 0.676364
280 0.685454
281 0.68
282 0.68
283 0.674545
284 0.676364
285 0.672727
286 0.681818
287 0.687273
288 0.687273
289 0.681818
290 0.681818
291 0.68
292 0.685454
293 0.689091
294 0.692727
295 0.690909
296 0.694545
297 0.698182
298 0.694545
299 0.696364
300 0.703636
301 0.710909
302 0.705454
303 0.712727
304 0.718182
305 0.725454
306 0.723636
307 0.723636
308 0.72
309 0.721818
310 0.729091
311 0.73
312 0.713636
313 0.717273
314 0.722727
315 0.731818
316 0.73
317 0.728182
318 0.737273
319 0.728182
320 0.73
321 0.740909
322 0.740909
323 0.746363
324 0.748182
325 0.751818
326 0.757272
327 0.751818
328 0.75
329 0.751818
330 0.753636
331 0.760909
332 0.760909
333 0.760909
334 0.757272
335 0.762727
336 0.762727
337 0.766363
338 0.768182
339 0.777272
340 0.773636
341 0.771818
342 0.77
343 0.771818
344 0.77
345 0.771818
346 0.768182
347 0.764545
348 0.77
349 0.779091
350 0.779091
351 0.779091
352 0.786363
353 0.788182
354 0.786363
355 0.786363
356 0.788182
357 0.79
358 0.79
359 0.782727
360 0.782727
361 0.789091
362 0.805454
363 0.801818
364 0.798182
365 0.798182
366 0.794545
367 0.794545
368 0.789091
369 0.798182
370 0.796363
371 0.790909
372 0.792727
373 0.792727
374 0.790909
375 0.789091
376 0.789091
377 0.794545
378 0.796363
379 0.796363
380 0.796363
381 0.8
382 0.798182
383 0.801818
384 0.805454
385 0.803636
386 0.801818
387 0.798182
388 0.794545
389 0.790909
390 0.794545
391 0.798182
392 0.798182
393 0.798182
394 0.8
395 0.8
396 0.803636
397 0.805454
398 0.807273
399 0.807273
400 0.807273
401 0.809091
402 0.809091
403 0.809091
404 0.812727
405 0.814545
406 0.816364
407 0.816364
408 0.821818
409 0.832727
410 0.832727
411 0.832727
412 0.830909
413 0.834545
414 0.84
415 0.831818
416 0.819091
417 0.822727
418 0.826364
419 0.828182
420 0.83
421 0.833636
422 0.833636
423 0.828182
424 0.828182
425 0.828182
426 0.820909
427 0.819091
428 0.819091
429 0.819091
430 0.817273
431 0.817273
432 0.813636
433 0.815454
434 0.817273
435 0.817273
436 0.819091
437 0.822727
438 0.824545
439 0.828182
440 0.83
441 0.828182
442 0.83
443 0.831818
444 0.831818
445 0.83
446 0.828182
447 0.831818
448 0.828182
449 0.828182
450 0.826364
451 0.824545
452 0.824545
453 0.824545
454 0.824545
455 0.826364
456 0.828182
457 0.828182
458 0.828182
459 0.826364
460 0.826364
461 0.828182
462 0.831818
463 0.826364
464 0.826364
465 0.834545
466 0.852727
467 0.847273
468 0.847273
469 0.847273
470 0.847273
471 0.847273
472 0.849091
473 0.850909
474 0.852727
475 0.854545
476 0.861818
477 0.863636
478 0.863636
479 0.861818
480 0.86
481 0.858182
482 0.863636
483 0.863636
484 0.863636
485 0.865454
486 0.865454
487 0.865454
488 0.865454
489 0.863636
490 0.863636
491 0.865454
492 0.863636
493 0.863636
494 0.865454
495 0.867273
496 0.869091
497 0.867273
498 0.870909
499 0.867273
500 0.869091
501 0.870909
502 0.870909
503 0.870909
504 0.870909
505 0.870909
506 0.869091
507 0.869091
508 0.869091
509 0.867273
510 0.867273
511 0.867273
512 0.867273
513 0.872727
514 0.872727
515 0.872727
516 0.872727
517 0.878182
518 0.88
519 0.871818
520 0.853636
521 0.853636
522 0.85
523 0.853636
524 0.853636
525 0.853636
526 0.853636
527 0.85
528 0.848182
529 0.85
530 0.853636
531 0.855454
532 0.855454
533 0.855454
534 0.855454
535 0.855454
536 0.855454
537 0.855454
538 0.857273
539 0.857273
540 0.857273
541 0.855454
542 0.857273
543 0.857273
544 0.857273
545 0.857273
546 0.857273
547 0.859091
548 0.859091
549 0.862727
550 0.862727
551 0.862727
552 0.859091
553 0.859091
554 0.859091
555 0.855455
556 0.857273
557 0.857273
558 0.857273
559 0.860909
560 0.860909
561 0.859091
562 0.857273
563 0.855455
564 0.855455
565 0.851818
566 0.851818
567 0.851818
568 0.848182
569 0.856364
570 0.872727
571 0.872727
572 0.876364
573 0.876364
574 0.876364
575 0.876364
576 0.876364
577 0.878182
578 0.88
579 0.88
580 0.88
581 0.88
582 0.88
583 0.88
584 0.88
585 0.88
586 0.88
587 0.878182
588 0.878182
589 0.88
590 0.88
591 0.88
592 0.88
593 0.878182
594 0.878182
595 0.878182
596 0.878182
597 0.878182
598 0.878182
599 0.878182
600 0.878182
601 0.878182
602 0.881818
603 0.881818
604 0.881818
605 0.885454
606 0.885454
607 0.885454
608 0.885454
609 0.885454
610 0.885454
611 0.887273
612 0.889091
613 0.890909
614 0.890909
615 0.894545
616 0.894545
617 0.894545
618 0.898182
619 0.898182
620 0.9
621 0.901818
622 0.901818
623 0.893636
624 0.877273
625 0.877273
626 0.875454
627 0.877273
628 0.877273
629 0.877273
630 0.877273
631 0.873636
632 0.87
633 0.87
634 0.87
635 0.87
636 0.87
637 0.871818
638 0.871818
639 0.871818
640 0.871818
641 0.873636
642 0.873636
643 0.873636
644 0.873636
645 0.873636
646 0.873636
647 0.873636
648 0.873636
649 0.873636
650 0.873636
651 0.873636
652 0.873636
653 0.873636
654 0.873636
655 0.873636
656 0.871818
657 0.871818
658 0.871818
659 0.87
660 0.87
661 0.87
662 0.87
663 0.87
664 0.87
665 0.87
666 0.87
667 0.868182
668 0.868182
669 0.866364
670 0.866364
671 0.866364
672 0.866364
673 0.874545
674 0.889091
675 0.887273
676 0.889091
677 0.889091
678 0.889091
679 0.889091
680 0.889091
681 0.892727
682 0.896364
683 0.896364
684 0.896364
685 0.896364
686 0.896364
687 0.896364
688 0.896364
689 0.896364
690 0.896364
691 0.896364
692 0.894545
693 0.896364
694 0.896364
695 0.896364
696 0.896364
697 0.896364
698 0.896364
699 0.896364
700 0.896364
701 0.896364
702 0.896364
703 0.896364
704 0.894545
705 0.894545
706 0.896364
707 0.896364
708 0.896364
709 0.898182
710 0.898182
711 0.896364
712 0.896364
713 0.896364
714 0.896364
715 0.896364
716 0.896364
717 0.898182
718 0.898182
719 0.9
720 0.9
721 0.898182
722 0.898182
723 0.898182
724 0.9
725 0.901818
726 0.901818
727 0.893636
728 0.877273
729 0.877273
730 0.875455
731 0.875455
732 0.871818
733 0.871818
734 0.871818
735 0.87
736 0.87
737 0.868182
738 0.868182
739 0.868182
740 0.868182
741 0.868182
742 0.87
743 0.87
744 0.87
745 0.87
746 0.87
747 0.868182
748 0.868182
749 0.868182
750 0.868182
751 0.868182
752 0.868182
753 0.868182
754 0.87
755 0.87
756 0.87
757 0.87
758 0.87
759 0.87
760 0.87
761 0.871818
762 0.871818
763 0.871818
764 0.871818
765 0.871818
766 0.871818
767 0.871818
768 0.871818
769 0.871818
770 0.871818
771 0.871818
772 0.871818
773 0.871818
774 0.871818
775 0.871818
776 0.871818
777 0.88
778 0.896363
779 0.894545
780 0.896363
781 0.896363
782 0.9
783 0.898182
784 0.898182
785 0.9
786 0.9
787 0.901818
788 0.901818
789 0.901818
790 0.901818
791 0.901818
792 0.901818
793 0.901818
794 0.901818
795 0.901818
796 0.901818
797 0.903636
798 0.903636
799 0.903636
800 0.903636
801 0.903636
802 0.903636
803 0.903636
804 0.903636
805 0.901818
806 0.901818
807 0.901818
808 0.901818
809 0.901818
810 0.901818
811 0.901818
812 0.901818
813 0.901818
814 0.901818
815 0.901818
816 0.901818
817 0.901818
818 0.901818
819 0.901818
820 0.901818
821 0.903636
822 0.903636
823 0.903636
824 0.903636
825 0.903636
826 0.903636
827 0.903636
828 0.903636
829 0.905455
830 0.905455
831 0.897273
832 0.879091
833 0.880909
834 0.880909
835 0.880909
836 0.879091
837 0.877273
838 0.877273
839 0.875454
840 0.875454
841 0.875454
842 0.875454
843 0.875454
844 0.875454
845 0.875454
846 0.875454
847 0.875454
848 0.875454
849 0.875454
850 0.875454
851 0.871818
852 0.87
853 0.87
854 0.87
855 0.871818
856 0.871818
857 0.871818
858 0.871818
859 0.871818
860 0.871818
861 0.871818
862 0.871818
863 0.871818
864 0.871818
865 0.871818
866 0.871818
867 0.871818
868 0.871818
869 0.871818
870 0.871818
871 0.871818
872 0.871818
873 0.871818
874 0.871818
875 0.871818
876 0.871818
877 0.871818
878 0.871818
879 0.871818
880 0.871818
881 0.88
882 0.896363
883 0.894545
884 0.894545
885 0.894545
886 0.894545
887 0.894545
888 0.894545
889 0.896364
890 0.896364
891 0.896364
892 0.896364
893 0.896364
894 0.896364
895 0.896364
896 0.896364
897 0.896364
898 0.896364
899 0.896364
900 0.896364
901 0.9
902 0.901818
903 0.901818
904 0.901818
905 0.9
906 0.9
907 0.9
908 0.9
909 0.9
910 0.9
911 0.9
912 0.9
913 0.898182
914 0.898182
915 0.898182
916 0.898182
917 0.898182
918 0.898182
919 0.898182
920 0.898182
921 0.898182
922 0.898182
923 0.898182
924 0.898182
925 0.898182
926 0.898182
927 0.898182
928 0.898182
929 0.898182
930 0.898182
931 0.898182
932 0.9
933 0.901818
934 0.901818
935 0.893636
936 0.877273
937 0.879091
938 0.877273
939 0.877273
940 0.877273
941 0.877273
942 0.877273
943 0.875454
944 0.875454
945 0.875454
946 0.873636
947 0.873636
948 0.873636
949 0.873636
950 0.873636
951 0.873636
952 0.873636
953 0.873636
954 0.873636
955 0.87
956 0.87
957 0.87
958 0.87
959 0.87
960 0.87
961 0.87
962 0.87
963 0.871818
964 0.871818
965 0.871818
966 0.871818
967 0.871818
968 0.871818
969 0.871818
970 0.87
971 0.87
972 0.87
973 0.87
974 0.87
975 0.87
976 0.87
977 0.87
978 0.87
979 0.87
980 0.87
981 0.868182
982 0.868182
983 0.868182
984 0.868182
985 0.876364
986 0.894545
987 0.892727
988 0.894545
989 0.894545
990 0.894545
991 0.892727
992 0.892727
993 0.894545
994 0.894545
995 0.894545
996 0.896364
997 0.896364
998 0.896364
999 0.896364
1000 0.896364
1001 0.896364
1002 0.896364
1003 0.896364
1004 0.894545
1005 0.9
1006 0.9
1007 0.9
1008 0.9
1009 0.898182
1010 0.898182
1011 0.898182
1012 0.898182
1013 0.898182
1014 0.898182
1015 0.898182
1016 0.898182
1017 0.896364
1018 0.896364
1019 0.896364
1020 0.898182
1021 0.898182
1022 0.898182
1023 0.898182
1024 0.898182
1025 0.898182
1026 0.898182
1027 0.898182
1028 0.898182
1029 0.898182
1030 0.898182
1031 0.9
1032 0.9
1033 0.9
1034 0.9
1035 0.9
1036 0.9
1037 0.901818
1038 0.901818
1039 0.893636
1040 0.875454
1041 0.877273
1042 0.875454
1043 0.875454
1044 0.875454
1045 0.875454
1046 0.875454
1047 0.875454
1048 0.875454
1049 0.875454
1050 0.875454
1051 0.875454
1052 0.875454
1053 0.875454
1054 0.877273
1055 0.877273
1056 0.877273
1057 0.877273
1058 0.877273
1059 0.877273
1060 0.877273
1061 0.877273
1062 0.877273
1063 0.877273
1064 0.877273
1065 0.877273
1066 0.877273
1067 0.879091
1068 0.879091
1069 0.879091
1070 0.879091
1071 0.879091
1072 0.879091
1073 0.879091
1074 0.879091
1075 0.879091
1076 0.879091
1077 0.879091
1078 0.879091
1079 0.879091
1080 0.879091
1081 0.879091
1082 0.879091
1083 0.877273
1084 0.877273
1085 0.877273
1086 0.875454
1087 0.875454
1088 0.875454
1089 0.883636
1090 0.901818
1091 0.901818
1092 0.903636
1093 0.903636
1094 0.903636
1095 0.903636
1096 0.903636
1097 0.903636
1098 0.903636
1099 0.903636
1100 0.903636
1101 0.903636
1102 0.903636
1103 0.903636
1104 0.903636
1105 0.903636
1106 0.903636
1107 0.903636
1108 0.903636
1109 0.905454
1110 0.905454
1111 0.905454
1112 0.905454
1113 0.903636
1114 0.903636
1115 0.903636
1116 0.903636
1117 0.903636
1118 0.903636
1119 0.903636
1120 0.903636
1121 0.903636
1122 0.903636
1123 0.903636
1124 0.903636
1125 0.903636
1126 0.903636
1127 0.901818
1128 0.901818
1129 0.901818
1130 0.901818
1131 0.901818
1132 0.901818
1133 0.903636
1134 0.903636
1135 0.903636
1136 0.905455
1137 0.905455
1138 0.905455
1139 0.905455
1140 0.905455
1141 0.905455
1142 0.905455
1143 0.897273
1144 0.879091
1145 0.877273
1146 0.877273
1147 0.877273
1148 0.877273
1149 0.877273
1150 0.877273
1151 0.877273
1152 0.877273
1153 0.877273
1154 0.875454
1155 0.875454
1156 0.875454
1157 0.875454
1158 0.875454
1159 0.875454
1160 0.875454
1161 0.875454
1162 0.875454
1163 0.877273
1164 0.877273
1165 0.877273
1166 0.877273
1167 0.877273
1168 0.877273
1169 0.877273
1170 0.877273
1171 0.877273
1172 0.877273
1173 0.877273
1174 0.877273
1175 0.877273
1176 0.877273
1177 0.879091
1178 0.879091
1179 0.879091
1180 0.879091
1181 0.879091
1182 0.879091
1183 0.879091
1184 0.879091
1185 0.879091
1186 0.877273
1187 0.875454
1188 0.875454
1189 0.875454
1190 0.875454
1191 0.875454
1192 0.875454
1193 0.883636
1194 0.901818
1195 0.903636
1196 0.903636
1197 0.903636
1198 0.903636
1199 0.903636
1200 0.903636
1201 0.903636
1202 0.903636
1203 0.903636
1204 0.905454
1205 0.905454
1206 0.905454
1207 0.905454
1208 0.905454
1209 0.905454
1210 0.905454
1211 0.905454
1212 0.905454
1213 0.905454
1214 0.905454
1215 0.905454
1216 0.905454
1217 0.903636
1218 0.903636
1219 0.903636
1220 0.903636
1221 0.903636
1222 0.903636
1223 0.903636
1224 0.903636
1225 0.903636
1226 0.903636
1227 0.903636
1228 0.903636
1229 0.903636
1230 0.903636
1231 0.903636
1232 0.903636
1233 0.903636
1234 0.903636
1235 0.903636
1236 0.905454
1237 0.907273
1238 0.907273
1239 0.907273
1240 0.907273
1241 0.907273
1242 0.907273
1243 0.907273
1244 0.905454
1245 0.905454
1246 0.905454
1247 0.897273
1248 0.880909
1249 0.879091
1250 0.879091
1251 0.879091
1252 0.879091
1253 0.879091
1254 0.879091
1255 0.879091
1256 0.879091
1257 0.879091
1258 0.879091
1259 0.879091
1260 0.879091
1261 0.879091
1262 0.879091
1263 0.879091
1264 0.879091
1265 0.879091
1266 0.879091
1267 0.879091
1268 0.875454
1269 0.875454
1270 0.875454
1271 0.875454
1272 0.875454
1273 0.875454
1274 0.875454
1275 0.875454
1276 0.875454
1277 0.875454
1278 0.875454
1279 0.875454
1280 0.875454
1281 0.875454
1282 0.875454
1283 0.875454
1284 0.875454
1285 0.875454
1286 0.875454
1287 0.875454
1288 0.875454
1289 0.875454
1290 0.875454
1291 0.875454
1292 0.875454
1293 0.875454
1294 0.877273
1295 0.877273
1296 0.877273
1297 0.885454
1298 0.901818
1299 0.903636
1300 0.903636
1301 0.903636
1302 0.903636
1303 0.901818
1304 0.901818
1305 0.901818
1306 0.901818
1307 0.901818
1308 0.901818
1309 0.901818
1310 0.901818
1311 0.901818
1312 0.901818
1313 0.901818
1314 0.901818
1315 0.901818
1316 0.901818
1317 0.903636
1318 0.907273
1319 0.907273
1320 0.907273
1321 0.905455
1322 0.905455
1323 0.905455
1324 0.905455
1325 0.905455
1326 0.905455
1327 0.905455
1328 0.905455
1329 0.905455
1330 0.905455
1331 0.905455
1332 0.905455
1333 0.905455
1334 0.905455
1335 0.905455
1336 0.905455
1337 0.905455
1338 0.905455
1339 0.905455
1340 0.905455
1341 0.905455
1342 0.905455
1343 0.905455
1344 0.905455
1345 0.905455
1346 0.905455
1347 0.905455
1348 0.905455
1349 0.905455
1350 0.905455
1351 0.897273
1352 0.880909
1353 0.882727
1354 0.882727
1355 0.882727
1356 0.882727
1357 0.882727
1358 0.882727
1359 0.880909
1360 0.880909
1361 0.880909
1362 0.880909
1363 0.880909
1364 0.880909
1365 0.880909
1366 0.880909
1367 0.880909
1368 0.880909
1369 0.880909
1370 0.880909
1371 0.880909
1372 0.880909
1373 0.880909
1374 0.880909
1375 0.880909
1376 0.880909
1377 0.880909
1378 0.880909
1379 0.880909
1380 0.880909
1381 0.880909
1382 0.880909
1383 0.880909
1384 0.880909
1385 0.880909
1386 0.880909
1387 0.880909
1388 0.880909
1389 0.880909
1390 0.880909
1391 0.880909
1392 0.880909
1393 0.880909
1394 0.880909
1395 0.880909
1396 0.880909
1397 0.880909
1398 0.880909
1399 0.880909
1400 0.880909
1401 0.889091
1402 0.905455
1403 0.905455
1404 0.905455
1405 0.905455
1406 0.905455
1407 0.905455
1408 0.905455
1409 0.907273
1410 0.907273
1411 0.907273
1412 0.907273
1413 0.907273
1414 0.907273
1415 0.907273
1416 0.907273
1417 0.907273
1418 0.907273
1419 0.907273
1420 0.907273
1421 0.909091
1422 0.909091
1423 0.909091
1424 0.909091
1425 0.909091
1426 0.909091
1427 0.909091
1428 0.909091
1429 0.909091
1430 0.909091
1431 0.909091
1432 0.909091
1433 0.909091
1434 0.909091
1435 0.909091
1436 0.909091
1437 0.909091
1438 0.909091
1439 0.909091
1440 0.909091
1441 0.909091
1442 0.909091
1443 0.909091
1444 0.909091
1445 0.909091
1446 0.909091
1447 0.909091
1448 0.909091
1449 0.909091
1450 0.909091
1451 0.907273
1452 0.907273
1453 0.907273
1454 0.907273
1455 0.899091
1456 0.880909
1457 0.880909
1458 0.880909
1459 0.880909
1460 0.880909
1461 0.880909
1462 0.880909
1463 0.880909
1464 0.880909
1465 0.880909
1466 0.880909
1467 0.880909
1468 0.880909
1469 0.880909
1470 0.880909
1471 0.880909
1472 0.880909
1473 0.880909
1474 0.880909
1475 0.879091
1476 0.877273
1477 0.877273
1478 0.877273
1479 0.877273
1480 0.877273
1481 0.877273
1482 0.877273
1483 0.877273
1484 0.877273
1485 0.877273
1486 0.877273
1487 0.877273
1488 0.877273
1489 0.877273
1490 0.877273
1491 0.877273
1492 0.877273
1493 0.877273
1494 0.877273
1495 0.877273
1496 0.877273
1497 0.877273
1498 0.877273
1499 0.873636
1500 0.873636
1501 0.875455
1502 0.875455
1503 0.875455
1504 0.875455
1505 0.883636
1506 0.901818
1507 0.901818
1508 0.901818
1509 0.901818
1510 0.901818
1511 0.901818
1512 0.901818
1513 0.901818
1514 0.901818
1515 0.901818
1516 0.901818
1517 0.901818
1518 0.901818
1519 0.901818
1520 0.901818
1521 0.901818
1522 0.901818
1523 0.901818
1524 0.901818
1525 0.903636
1526 0.905454
1527 0.903636
1528 0.903636
1529 0.901818
1530 0.901818
1531 0.901818
1532 0.901818
1533 0.9
1534 0.9
1535 0.9
1536 0.9
1537 0.9
1538 0.9
1539 0.9
1540 0.9
1541 0.9
1542 0.9
1543 0.9
1544 0.9
1545 0.9
1546 0.9
1547 0.9
1548 0.9
1549 0.903636
1550 0.903636
1551 0.903636
1552 0.903636
1553 0.903636
1554 0.903636
1555 0.903636
1556 0.903636
1557 0.903636
1558 0.903636
1559 0.895455
1560 0.877273
1561 0.877273
1562 0.877273
1563 0.877273
1564 0.877273
1565 0.877273
1566 0.877273
1567 0.877273
1568 0.877273
1569 0.877273
1570 0.877273
1571 0.877273
1572 0.877273
1573 0.877273
1574 0.877273
1575 0.877273
1576 0.877273
1577 0.879091
1578 0.879091
1579 0.879091
1580 0.879091
1581 0.877273
1582 0.877273
1583 0.879091
1584 0.879091
1585 0.879091
1586 0.879091
1587 0.879091
1588 0.879091
1589 0.879091
1590 0.879091
1591 0.879091
1592 0.879091
1593 0.879091
1594 0.879091
1595 0.879091
1596 0.879091
1597 0.879091
1598 0.879091
1599 0.879091
1600 0.879091
1601 0.879091
1602 0.879091
1603 0.879091
1604 0.879091
1605 0.879091
1606 0.879091
1607 0.879091
1608 0.879091
1609 0.887273
1610 0.905455
1611 0.905455
1612 0.905455
1613 0.905455
1614 0.905455
1615 0.903636
1616 0.903636
1617 0.903636
1618 0.903636
1619 0.903636
1620 0.903636
1621 0.903636
1622 0.903636
1623 0.903636
1624 0.903636
1625 0.903636
1626 0.903636
1627 0.903636
1628 0.903636
1629 0.905455
1630 0.905455
1631 0.907273
1632 0.907273
1633 0.905455
1634 0.905455
1635 0.905455
1636 0.905455
1637 0.905455
1638 0.905455
1639 0.905455
1640 0.905455
1641 0.905455
1642 0.905455
1643 0.905455
1644 0.905455
1645 0.905455
1646 0.905455
1647 0.905455
1648 0.905455
1649 0.905455
1650 0.905455
1651 0.905455
1652 0.905455
1653 0.905455
1654 0.905455
1655 0.905455
1656 0.905455
1657 0.905455
1658 0.905455
1659 0.905455
1660 0.905455
1661 0.905455
1662 0.905455
1663 0.897273
1664 0.880909
1665 0.882727
1666 0.882727
1667 0.882727
1668 0.882727
1669 0.882727
1670 0.882727
1671 0.882727
1672 0.882727
1673 0.882727
1674 0.882727
1675 0.882727
1676 0.882727
1677 0.882727
1678 0.882727
1679 0.882727
1680 0.882727
1681 0.882727
1682 0.882727
1683 0.882727
1684 0.882727
1685 0.880909
1686 0.880909
1687 0.880909
1688 0.880909
1689 0.880909
1690 0.880909
1691 0.880909
1692 0.880909
1693 0.880909
1694 0.880909
1695 0.880909
1696 0.880909
1697 0.880909
1698 0.880909
1699 0.880909
1700 0.880909
1701 0.880909
1702 0.880909
1703 0.880909
1704 0.880909
1705 0.880909
1706 0.880909
1707 0.880909
1708 0.880909
1709 0.880909
1710 0.880909
1711 0.880909
1712 0.880909
1713 0.889091
1714 0.905455
1715 0.905455
1716 0.905455
1717 0.905455
1718 0.905455
1719 0.903636
1720 0.903636
1721 0.903636
1722 0.903636
1723 0.903636
1724 0.903636
1725 0.903636
1726 0.903636
1727 0.903636
1728 0.903636
1729 0.903636
1730 0.903636
1731 0.903636
1732 0.903636
1733 0.905455
1734 0.905455
1735 0.907273
1736 0.907273
1737 0.907273
1738 0.907273
1739 0.907273
1740 0.907273
1741 0.907273
1742 0.907273
1743 0.907273
1744 0.907273
1745 0.907273
1746 0.907273
1747 0.907273
1748 0.907273
1749 0.907273
1750 0.907273
1751 0.907273
1752 0.907273
1753 0.907273
1754 0.907273
1755 0.907273
1756 0.907273
1757 0.907273
1758 0.907273
1759 0.907273
1760 0.907273
1761 0.907273
1762 0.907273
1763 0.907273
1764 0.907273
1765 0.907273
1766 0.907273
1767 0.899091
1768 0.884545
1769 0.886364
1770 0.886364
1771 0.886364
1772 0.886364
1773 0.886364
1774 0.886364
1775 0.886364
1776 0.886364
1777 0.886364
1778 0.886364
1779 0.886364
1780 0.886364
1781 0.886364
1782 0.886364
1783 0.886364
1784 0.886364
1785 0.886364
1786 0.886364
1787 0.884545
1788 0.884545
1789 0.884545
1790 0.884545
1791 0.884545
1792 0.884545
1793 0.884545
1794 0.884545
1795 0.884545
1796 0.884545
1797 0.884545
1798 0.884545
1799 0.884545
1800 0.884545
1801 0.884545
1802 0.884545
1803 0.884545
1804 0.884545
1805 0.884545
1806 0.884545
1807 0.884545
1808 0.884545
1809 0.884545
1810 0.884545
1811 0.882727
1812 0.882727
1813 0.882727
1814 0.882727
1815 0.882727
1816 0.882727
1817 0.890909
1818 0.905454
1819 0.905454
1820 0.905454
1821 0.905454
1822 0.905454
1823 0.905454
1824 0.905454
1825 0.905454
1826 0.905454
1827 0.905454
1828 0.905454
1829 0.905454
1830 0.905454
1831 0.905454
1832 0.905454
1833 0.905454
1834 0.905454
1835 0.905454
1836 0.905454
1837 0.907273
1838 0.907273
1839 0.907273
1840 0.907273
1841 0.905454
1842 0.905454
1843 0.905454
1844 0.905454
1845 0.905454
1846 0.905454
1847 0.905454
1848 0.905454
1849 0.905454
1850 0.905454
1851 0.905454
1852 0.905454
1853 0.905454
1854 0.905454
1855 0.905454
1856 0.905454
1857 0.905454
1858 0.905454
1859 0.905454
1860 0.905454
1861 0.907273
1862 0.907273
1863 0.907273
1864 0.907273
1865 0.907273
1866 0.907273
1867 0.907273
1868 0.907273
1869 0.907273
1870 0.907273
1871 0.899091
1872 0.882727
1873 0.882727
1874 0.882727
1875 0.882727
1876 0.882727
1877 0.882727
1878 0.882727
1879 0.882727
1880 0.882727
1881 0.882727
1882 0.882727
1883 0.882727
1884 0.882727
1885 0.882727
1886 0.882727
1887 0.882727
1888 0.882727
1889 0.880909
1890 0.880909
1891 0.880909
1892 0.880909
1893 0.880909
1894 0.880909
1895 0.880909
1896 0.880909
1897 0.880909
1898 0.880909
1899 0.880909
1900 0.880909
1901 0.880909
1902 0.880909
1903 0.880909
1904 0.880909
1905 0.880909
1906 0.880909
1907 0.880909
1908 0.880909
1909 0.880909
1910 0.880909
1911 0.880909
1912 0.880909
1913 0.880909
1914 0.880909
1915 0.880909
1916 0.880909
1917 0.880909
1918 0.880909
1919 0.880909
1920 0.880909
1921 0.889091
1922 0.905454
1923 0.905454
1924 0.905454
1925 0.905454
1926 0.905454
1927 0.905454
1928 0.905454
1929 0.905454
1930 0.905454
1931 0.905454
1932 0.905454
1933 0.905454
1934 0.905454
1935 0.905454
1936 0.905454
1937 0.905454
1938 0.905454
1939 0.907273
1940 0.907273
1941 0.909091
1942 0.909091
1943 0.909091
1944 0.909091
1945 0.907273
1946 0.907273
1947 0.907273
1948 0.907273
1949 0.907273
1950 0.907273
1951 0.907273
1952 0.907273
1953 0.907273
1954 0.907273
1955 0.907273
1956 0.907273
1957 0.907273
1958 0.907273
1959 0.907273
1960 0.907273
1961 0.907273
1962 0.907273
1963 0.907273
1964 0.907273
1965 0.907273
1966 0.907273
1967 0.907273
1968 0.907273
1969 0.907273
1970 0.907273
1971 0.907273
1972 0.907273
1973 0.907273
1974 0.907273
1975 0.899091
1976 0.880909
1977 0.880909
1978 0.880909
1979 0.880909
1980 0.880909
1981 0.880909
1982 0.880909
1983 0.880909
1984 0.880909
1985 0.880909
1986 0.880909
1987 0.880909
1988 0.880909
1989 0.880909
1990 0.880909
1991 0.880909
1992 0.880909
1993 0.880909
1994 0.880909
1995 0.880909
1996 0.880909
1997 0.880909
1998 0.880909
1999 0.880909
