0 0
1 -1
2 -1
3 -1
4 -1
5 -1
6 -1
7 4
8 -1
9 -1
10 7
11 -1
12 -1
13 -1
14 -1
15 12
16 13
17 -1
18 -1
19 16
20 -1
21 -1
22 -1
23 -1
24 -1
25 22
26 22
27 -1
28 -1
29 -1
30 -1
31 -1
32 29
33 -1
34 -1
35 -1
36 -1
37 -1
38 20
39 20
40 37
41 24
42 -1
43 -1
44 -1
45 -1
46 -1
47 -1
48 -1
49 46
50 -1
51 48
52 32
53 -1
54 -1
55 -1
56 9
57 -1
58 -1
59 -1
60 57
61 -1
62 -1
63 60
64 61
65 -1
66 -1
67 -1
68 65
69 65
70 17
71 68
72 -1
73 -1
74 72
75 -1
76 -1
77 73
78 20
79 -1
80 14
81 8
82 79
83 -1
84 8
85 8
86 -1
87 -1
88 19
89 19
90 -1
91 -1
92 90
93 90
94 91
95 -1
96 6
97 12
98 -1
99 27
100 -1
101 8
102 -1
103 100
104 11
105 -1
106 0
107 1
108 2
109 2
110 5
111 5
112 6
113 7
114 8
115 9
116 10
117 10
118 12
119 13
120 13
121 16
122 17
123 17
124 18
125 19
126 20
127 22
128 22
129 22
130 24
131 25
132 26
133 27
134 27
135 29
136 29
137 31
138 32
139 34
140 34
141 36
142 36
143 37
144 38
145 37
146 31
147 31
148 43
149 44
150 44
151 46
152 46
153 47
154 48
155 48
156 48
157 51
158 5
159 53
160 53
161 52
162 56
163 57
164 58
165 59
166 60
167 61
168 62
169 62
170 64
171 65
172 66
173 67
174 68
175 68
176 68
177 71
178 71
179 73
180 74
181 75
182 76
183 77
184 77
185 79
186 79
187 81
188 81
189 83
190 84
191 84
192 85
193 87
194 88
195 89
196 90
197 90
198 91
199 93
200 93
201 95
202 96
203 97
204 8
205 99
206 100
207 100
208 100
209 -1
210 1
211 2
212 2
213 3
214 4
215 6
216 6
217 7
218 7
219 10
220 11
221 11
222 12
223 13
224 13
225 15
226 17
227 17
228 18
229 20
230 20
231 21
232 22
233 22
234 24
235 25
236 27
237 27
238 28
239 29
240 29
241 31
242 33
243 33
244 34
245 35
246 36
247 37
248 38
249 39
250 40
251 41
252 42
253 44
254 44
255 46
256 46
257 48
258 48
259 48
260 48
261 52
262 53
263 53
264 53
265 55
266 55
267 57
268 58
269 59
270 60
271 61
272 62
273 64
274 64
275 65
276 65
277 67
278 68
279 69
280 71
281 71
282 71
283 73
284 74
285 74
286 76
287 77
288 77
289 79
290 79
291 81
292 81
293 83
294 84
295 84
296 85
297 86
298 88
299 88
300 90
301 90
302 92
303 93
304 94
305 95
306 96
307 97
308 98
309 98
310 100
311 100
312 100
313 -1
314 0
315 1
316 2
317 3
318 4
319 4
320 6
321 7
322 9
323 9
324 10
325 11
326 12
327 12
328 13
329 15
330 17
331 17
332 17
333 19
334 20
335 21
336 22
337 22
338 25
339 25
340 27
341 27
342 28
343 29
344 29
345 31
346 33
347 33
348 34
349 35
350 36
351 35
352 40
353 39
354 40
355 41
356 42
357 43
358 45
359 45
360 46
361 47
362 48
363 48
364 48
365 51
366 53
367 53
368 53
369 55
370 57
371 57
372 58
373 58
374 60
375 61
376 62
377 64
378 64
379 65
380 65
381 65
382 68
383 68
384 71
385 71
386 71
387 73
388 74
389 74
390 76
391 77
392 77
393 79
394 80
395 81
396 81
397 84
398 84
399 84
400 86
401 87
402 88
403 89
404 90
405 90
406 91
407 93
408 94
409 95
410 96
411 97
412 98
413 100
414 100
415 100
416 100
417 -1
418 0
419 1
420 4
421 4
422 4
423 4
424 6
425 7
426 9
427 9
428 10
429 10
430 12
431 12
432 15
433 15
434 17
435 17
436 17
437 19
438 20
439 21
440 22
441 22
442 25
443 25
444 25
445 27
446 28
447 29
448 29
449 31
450 33
451 33
452 34
453 35
454 36
455 40
456 40
457 39
458 40
459 42
460 42
461 43
462 45
463 45
464 46
465 47
466 48
467 48
468 48
469 51
470 53
471 53
472 55
473 55
474 56
475 57
476 60
477 60
478 60
479 61
480 64
481 64
482 64
483 65
484 65
485 67
486 67
487 67
488 71
489 71
490 71
491 73
492 74
493 74
494 76
495 77
496 77
497 79
498 80
499 81
