0 0.999531
1 0.999062
2 0.998594
3 0.994219
4 0.99375
5 0.989375
6 0.986953
7 0.986484
8 0.986016
9 0.985547
10 0.983125
11 0.980703
12 0.980234
13 0.977813
14 0.977344
15 0.976875
16 0.976406
17 0.975937
18 0.975469
19 0.969141
20 0.968672
21 0.96625
22 0.963828
23 0.961406
24 0.960938
25 0.956563
26 0.956094
27 0.955625
28 0.955156
29 0.954687
30 0.954219
31 0.95375
32 0.953281
33 0.952812
34 0.952344
35 0.951875
36 0.951406
37 0.950938
38 0.944609
39 0.944141
40 0.931953
41 0.923672
42 0.923203
43 0.922734
44 0.922266
45 0.921797
46 0.921328
47 0.920859
48 0.920391
49 0.919922
50 0.919922
51 0.919922
52 0.919922
53 0.923828
54 0.919922
55 0.923828
56 0.925781
57 0.925781
58 0.925781
59 0.925781
60 0.917969
61 0.914062
62 0.914062
63 0.912109
64 0.912109
65 0.912109
66 0.912109
67 0.912109
68 0.912109
69 0.917969
70 0.917969
71 0.919922
72 0.921875
73 0.923828
74 0.923828
75 0.927734
76 0.927734
77 0.927734
78 0.927734
79 0.927734
80 0.927734
81 0.921875
82 0.921875
83 0.921875
84 0.916016
85 0.916016
86 0.916016
87 0.916016
88 0.919922
89 0.917969
90 0.927734
91 0.935547
92 0.935547
93 0.935547
94 0.935547
95 0.933594
96 0.933594
97 0.933594
98 0.933594
99 0.933594
100 0.933594
101 0.933594
102 0.923828
103 0.908203
104 0.912109
105 0.912109
106 0.900391
107 0.890625
108 0.878906
109 0.871094
110 0.867188
111 0.859375
112 0.855469
113 0.847656
114 0.839844
115 0.822266
116 0.810547
117 0.802734
118 0.796875
119 0.787109
120 0.787109
121 0.777344
122 0.763672
123 0.75
124 0.738281
125 0.728516
126 0.708984
127 0.701172
128 0.691406
129 0.679688
130 0.666016
131 0.666016
132 0.660156
133 0.652344
134 0.654297
135 0.648438
136 0.646484
137 0.632812
138 0.626953
139 0.621094
140 0.621094
141 0.605469
142 0.597656
143 0.580078
144 0.564453
145 0.548828
146 0.541016
147 0.535156
148 0.523438
149 0.513672
150 0.511719
151 0.501953
152 0.496094
153 0.507812
154 0.505859
155 0.494141
156 0.498047
157 0.492188
158 0.490234
159 0.492188
160 0.498047
161 0.507812
162 0.501953
163 0.498047
164 0.488281
165 0.490234
166 0.494141
167 0.484375
168 0.474609
169 0.476562
170 0.472656
171 0.474609
172 0.480469
173 0.486328
174 0.484375
175 0.480469
176 0.488281
177 0.490234
178 0.488281
179 0.488281
180 0.5
181 0.496094
182 0.486328
183 0.482422
184 0.480469
185 0.470703
186 0.46875
187 0.466797
188 0.457031
189 0.453125
190 0.447266
191 0.449219
192 0.453125
193 0.455078
194 0.455078
195 0.458984
196 0.457031
197 0.449219
198 0.458984
199 0.460938
200 0.458984
201 0.458984
202 0.462891
203 0.457031
204 0.455078
205 0.449219
206 0.441406
207 0.4375
208 0.451172
209 0.4375
210 0.427734
211 0.419922
212 0.410156
213 0.408203
214 0.40625
215 0.404297
216 0.402344
217 0.404297
218 0.402344
219 0.390625
220 0.375
221 0.371094
222 0.371094
223 0.371094
224 0.371094
225 0.371094
226 0.363281
227 0.353516
228 0.351562
229 0.34375
230 0.328125
231 0.324219
232 0.324219
233 0.318359
234 0.308594
235 0.308594
236 0.294922
237 0.292969
238 0.302734
239 0.302734
240 0.294922
241 0.296875
242 0.287109
243 0.294922
244 0.296875
245 0.296875
246 0.296875
247 0.291016
248 0.275391
249 0.267578
250 0.261719
251 0.261719
252 0.259766
253 0.251953
254 0.242188
255 0.246094
256 0.244141
257 0.251953
258 0.240234
259 0.244141
260 0.242188
261 0.236328
262 0.240234
263 0.244141
264 0.251953
265 0.261719
266 0.263672
267 0.259766
268 0.259766
269 0.261719
270 0.265625
271 0.257812
272 0.248047
273 0.244141
274 0.240234
275 0.240234
276 0.25
277 0.25
278 0.25
279 0.251953
280 0.253906
281 0.253906
282 0.259766
283 0.263672
284 0.273438
285 0.279297
286 0.279297
287 0.277344
288 0.273438
289 0.273438
290 0.283203
291 0.28125
292 0.279297
293 0.273438
294 0.275391
295 0.273438
296 0.269531
297 0.269531
298 0.271484
299 0.267578
300 0.259766
301 0.251953
302 0.259766
303 0.269531
304 0.273438
305 0.275391
306 0.279297
307 0.275391
308 0.269531
309 0.265625
310 0.267578
311 0.265625
312 0.28125
313 0.279297
314 0.271484
315 0.259766
316 0.248047
317 0.251953
318 0.251953
319 0.251953
320 0.251953
321 0.253906
322 0.251953
323 0.248047
324 0.248047
325 0.248047
326 0.25
327 0.253906
328 0.25
329 0.251953
330 0.25
331 0.248047
332 0.238281
333 0.232422
334 0.21875
335 0.210938
336 0.208984
337 0.208984
338 0.203125
339 0.197266
340 0.185547
341 0.181641
342 0.185547
343 0.183594
344 0.175781
345 0.175781
346 0.169922
347 0.173828
348 0.171875
349 0.173828
350 0.181641
351 0.179688
352 0.167969
353 0.15625
354 0.152344
355 0.144531
356 0.138672
357 0.134766
358 0.138672
359 0.140625
360 0.140625
361 0.140625
362 0.125
363 0.125
364 0.125
365 0.126953
366 0.126953
367 0.125
368 0.130859
369 0.130859
370 0.134766
371 0.134766
372 0.134766
373 0.130859
374 0.128906
375 0.123047
376 0.111328
377 0.107422
378 0.107422
379 0.107422
380 0.107422
381 0.103516
382 0.105469
383 0.105469
384 0.107422
385 0.107422
386 0.113281
387 0.115234
388 0.117188
389 0.121094
390 0.121094
391 0.119141
392 0.113281
393 0.111328
394 0.113281
395 0.115234
396 0.119141
397 0.115234
398 0.115234
399 0.113281
400 0.103516
401 0.103516
402 0.101562
403 0.101562
404 0.0957031
405 0.0957031
406 0.0976562
407 0.103516
408 0.103516
409 0.103516
410 0.103516
411 0.103516
412 0.0996094
413 0.0957031
414 0.0976562
415 0.0957031
416 0.115234
417 0.115234
418 0.107422
419 0.105469
420 0.0976562
421 0.0976562
422 0.0976562
423 0.0976562
424 0.0976562
425 0.0976562
426 0.0976562
427 0.09375
428 0.09375
429 0.0898438
430 0.0917969
431 0.0976562
432 0.0996094
433 0.101562
434 0.0996094
435 0.0996094
436 0.09375
437 0.0917969
438 0.0878906
439 0.0839844
440 0.0820312
441 0.0820312
442 0.0800781
443 0.078125
444 0.0761719
445 0.0742188
446 0.0761719
447 0.078125
448 0.078125
449 0.078125
450 0.078125
451 0.078125
452 0.078125
453 0.078125
454 0.0820312
455 0.0839844
456 0.0839844
457 0.0800781
458 0.0742188
459 0.0742188
460 0.0722656
461 0.0722656
462 0.0742188
463 0.0761719
464 0.0742188
465 0.0761719
466 0.0585938
467 0.0585938
468 0.0585938
469 0.0585938
470 0.0605469
471 0.0585938
472 0.0644531
473 0.0644531
474 0.0664062
475 0.0664062
476 0.0664062
477 0.0683594
478 0.0683594
479 0.0683594
480 0.0644531
481 0.0605469
482 0.0585938
483 0.0585938
484 0.0605469
485 0.0605469
486 0.0605469
487 0.0625
488 0.0664062
489 0.0644531
490 0.0644531
491 0.0664062
492 0.0683594
493 0.0703125
494 0.0703125
495 0.0664062
496 0.0605469
497 0.0585938
498 0.0585938
499 0.0605469
500 0.0742188
501 0.0859375
502 0.09375
503 0.0976562
504 0.0996094
505 0.103516
506 0.103516
507 0.105469
508 0.109375
509 0.109375
510 0.111328
511 0.115234
512 0.117188
513 0.117188
514 0.123047
515 0.123047
516 0.121094
517 0.119141
518 0.123047
519 0.123047
520 0.140625
521 0.142578
522 0.138672
523 0.138672
524 0.136719
525 0.136719
526 0.136719
527 0.134766
528 0.132812
529 0.134766
530 0.134766
531 0.132812
532 0.132812
533 0.130859
534 0.128906
535 0.128906
536 0.128906
537 0.126953
538 0.123047
539 0.123047
540 0.123047
541 0.121094
542 0.119141
543 0.117188
544 0.117188
545 0.117188
546 0.117188
547 0.117188
548 0.115234
549 0.119141
550 0.105469
551 0.0957031
552 0.0878906
553 0.0839844
554 0.078125
555 0.0722656
556 0.0703125
557 0.0664062
558 0.0644531
559 0.0625
560 0.0605469
561 0.0585938
562 0.0546875
563 0.0527344
564 0.046875
565 0.0449219
566 0.0449219
567 0.046875
568 0.0429688
569 0.0429688
570 0.0234375
571 0.0214844
572 0.0195312
573 0.0214844
574 0.0214844
575 0.0253906
576 0.0273438
577 0.0273438
578 0.03125
579 0.0292969
580 0.0292969
581 0.0292969
582 0.0273438
583 0.0273438
584 0.0273438
585 0.0253906
586 0.0253906
587 0.0273438
588 0.0273438
589 0.0273438
590 0.0273438
591 0.0273438
592 0.0273438
593 0.0273438
594 0.0273438
595 0.0273438
596 0.0292969
597 0.0292969
598 0.0292969
599 0.0234375
600 0.0234375
601 0.0214844
602 0.0214844
603 0.0214844
604 0.0214844
605 0.0234375
606 0.0234375
607 0.0234375
608 0.0214844
609 0.0234375
610 0.0253906
611 0.0234375
612 0.0234375
613 0.0234375
614 0.0234375
615 0.0234375
616 0.0234375
617 0.0214844
618 0.0234375
619 0.0234375
620 0.0234375
621 0.0234375
622 0.0234375
623 0.0214844
624 0.0410156
625 0.0371094
626 0.0371094
627 0.0371094
628 0.0332031
629 0.0332031
630 0.0332031
631 0.0332031
632 0.0332031
633 0.0332031
634 0.0332031
635 0.0332031
636 0.0332031
637 0.03125
638 0.0332031
639 0.0332031
640 0.0332031
641 0.0332031
642 0.0351562
643 0.0371094
644 0.0390625
645 0.0390625
646 0.0371094
647 0.0371094
648 0.0371094
649 0.0371094
650 0.0390625
651 0.0390625
652 0.0390625
653 0.0390625
654 0.0390625
655 0.0371094
656 0.0371094
657 0.0371094
658 0.0371094
659 0.0351562
660 0.0332031
661 0.0332031
662 0.0351562
663 0.0351562
664 0.0351562
665 0.0351562
666 0.0351562
667 0.0351562
668 0.0332031
669 0.0332031
670 0.0332031
671 0.0332031
672 0.0332031
673 0.0332031
674 0.0136719
675 0.0136719
676 0.0117188
677 0.0136719
678 0.0136719
679 0.0136719
680 0.0136719
681 0.0136719
682 0.0136719
683 0.0136719
684 0.0136719
685 0.0136719
686 0.0136719
687 0.0136719
688 0.0117188
689 0.0136719
690 0.0136719
691 0.0136719
692 0.0136719
693 0.0117188
694 0.00976562
695 0.00976562
696 0.00976562
697 0.00976562
698 0.00976562
699 0.00976562
700 0.00976562
701 0.00976562
702 0.00976562
703 0.00976562
704 0.0117188
705 0.0117188
706 0.0117188
707 0.0117188
708 0.0117188
709 0.0136719
710 0.0136719
711 0.0136719
712 0.0117188
713 0.015625
714 0.015625
715 0.0175781
716 0.0175781
717 0.0175781
718 0.0175781
719 0.0175781
720 0.0175781
721 0.0175781
722 0.0175781
723 0.0175781
724 0.0175781
725 0.0175781
726 0.0175781
727 0.015625
728 0.0351562
729 0.0351562
730 0.0351562
731 0.0351562
732 0.0351562
733 0.0371094
734 0.0390625
735 0.0390625
736 0.0410156
737 0.0410156
738 0.0410156
739 0.0390625
740 0.0390625
741 0.0390625
742 0.0371094
743 0.0371094
744 0.0371094
745 0.0371094
746 0.0371094
747 0.0371094
748 0.0371094
749 0.0371094
750 0.0351562
751 0.0351562
752 0.0351562
753 0.0351562
754 0.0332031
755 0.0332031
756 0.0332031
757 0.0332031
758 0.0332031
759 0.0332031
760 0.0332031
761 0.0332031
762 0.0351562
763 0.03125
764 0.03125
765 0.0292969
766 0.0292969
767 0.0292969
768 0.0292969
769 0.03125
770 0.03125
771 0.03125
772 0.03125
773 0.0332031
774 0.0332031
775 0.0332031
776 0.0332031
777 0.0351562
778 0.015625
779 0.015625
780 0.015625
781 0.015625
782 0.015625
783 0.0136719
784 0.0117188
785 0.0117188
786 0.00976562
787 0.00976562
788 0.00976562
789 0.00976562
790 0.00976562
791 0.00976562
792 0.00976562
793 0.00976562
794 0.00976562
795 0.00976562
796 0.00976562
797 0.00976562
798 0.00976562
799 0.00976562
800 0.00976562
801 0.00976562
802 0.00976562
803 0.00976562
804 0.0117188
805 0.0117188
806 0.0117188
807 0.0117188
808 0.0117188
809 0.00976562
810 0.00976562
811 0.00976562
812 0.0078125
813 0.00976562
814 0.00976562
815 0.00976562
816 0.00976562
817 0.0136719
818 0.0136719
819 0.0117188
820 0.0117188
821 0.0117188
822 0.0117188
823 0.00976562
824 0.00976562
825 0.00976562
826 0.00976562
827 0.0078125
828 0.0078125
829 0.0078125
830 0.00976562
831 0.00976562
832 0.0292969
833 0.0292969
834 0.0292969
835 0.0292969
836 0.0292969
837 0.03125
838 0.03125
839 0.03125
840 0.03125
841 0.03125
842 0.03125
843 0.03125
844 0.03125
845 0.03125
846 0.03125
847 0.0351562
848 0.0351562
849 0.0351562
850 0.0351562
851 0.0351562
852 0.0351562
853 0.0351562
854 0.0332031
855 0.0332031
856 0.0332031
857 0.0332031
858 0.0332031
859 0.0332031
860 0.0332031
861 0.0332031
862 0.0332031
863 0.03125
864 0.03125
865 0.03125
866 0.0332031
867 0.0292969
868 0.0292969
869 0.0292969
870 0.0292969
871 0.0292969
872 0.0292969
873 0.0292969
874 0.0292969
875 0.0292969
876 0.0292969
877 0.0292969
878 0.0292969
879 0.03125
880 0.0292969
881 0.0292969
882 0.00976562
883 0.00976562
884 0.00976562
885 0.00976562
886 0.00976562
887 0.00976562
888 0.00976562
889 0.00976562
890 0.00976562
891 0.00976562
892 0.00976562
893 0.00976562
894 0.00976562
895 0.00976562
896 0.00976562
897 0.00585938
898 0.00585938
899 0.00585938
900 0.00585938
901 0.00585938
902 0.00585938
903 0.00585938
904 0.00585938
905 0.00585938
906 0.00585938
907 0.00585938
908 0.0078125
909 0.0078125
910 0.0078125
911 0.0078125
912 0.0078125
913 0.0078125
914 0.0078125
915 0.0078125
916 0.00585938
917 0.00585938
918 0.00585938
919 0.00585938
920 0.00585938
921 0.00585938
922 0.00585938
923 0.00585938
924 0.00585938
925 0.00585938
926 0.00585938
927 0.00585938
928 0.00585938
929 0.00390625
930 0.00390625
931 0.00390625
932 0.00390625
933 0.00390625
934 0.00390625
935 0.00390625
936 0.0234375
937 0.0214844
938 0.0214844
939 0.0214844
940 0.0214844
941 0.0214844
942 0.0214844
943 0.0214844
944 0.0214844
945 0.0234375
946 0.0234375
947 0.0234375
948 0.0234375
949 0.0234375
950 0.0234375
951 0.0234375
952 0.0234375
953 0.0234375
954 0.0234375
955 0.0234375
956 0.0234375
957 0.0234375
958 0.0214844
959 0.0214844
960 0.0214844
961 0.0214844
962 0.0214844
963 0.0214844
964 0.0214844
965 0.0214844
966 0.0214844
967 0.0214844
968 0.0214844
969 0.0214844
970 0.0214844
971 0.0214844
972 0.0214844
973 0.0214844
974 0.0214844
975 0.0214844
976 0.0214844
977 0.0214844
978 0.0214844
979 0.0214844
980 0.0214844
981 0.0214844
982 0.0214844
983 0.0214844
984 0.0214844
985 0.0214844
986 0.00195312
987 0.00390625
988 0.00390625
989 0.00390625
990 0.00390625
991 0.00390625
992 0.00390625
993 0.00390625
994 0.00390625
995 0.00195312
996 0.00195312
997 0.00195312
998 0.00195312
999 0.00195312
1000 0.00195312
1001 0.00195312
1002 0.00195312
1003 0.00195312
1004 0.00195312
1005 0.00195312
1006 0.00195312
1007 0.00195312
1008 0.00390625
1009 0.00390625
1010 0.00390625
1011 0.00390625
1012 0.00585938
1013 0.0078125
1014 0.0078125
1015 0.00976562
1016 0.00976562
1017 0.00976562
1018 0.0117188
1019 0.0117188
1020 0.0136719
1021 0.0136719
1022 0.0136719
1023 0.0136719
1024 0.015625
1025 0.015625
1026 0.015625
1027 0.015625
1028 0.015625
1029 0.015625
1030 0.015625
1031 0.0175781
1032 0.0175781
1033 0.0175781
1034 0.0175781
1035 0.0175781
1036 0.0175781
1037 0.015625
1038 0.015625
1039 0.015625
1040 0.0351562
1041 0.0351562
1042 0.0351562
1043 0.0351562
1044 0.0351562
1045 0.0371094
1046 0.0371094
1047 0.0371094
1048 0.0371094
1049 0.0371094
1050 0.0371094
1051 0.0371094
1052 0.0371094
1053 0.0371094
1054 0.0371094
1055 0.0371094
1056 0.0390625
1057 0.0390625
1058 0.0371094
1059 0.0371094
1060 0.0371094
1061 0.0371094
1062 0.0351562
1063 0.0332031
1064 0.0332031
1065 0.03125
1066 0.03125
1067 0.03125
1068 0.0292969
1069 0.0292969
1070 0.0273438
1071 0.0273438
1072 0.0273438
1073 0.0273438
1074 0.0253906
1075 0.0253906
1076 0.0253906
1077 0.0253906
1078 0.0253906
1079 0.0253906
1080 0.0253906
1081 0.0234375
1082 0.0234375
1083 0.0234375
1084 0.0234375
1085 0.0234375
1086 0.0234375
1087 0.0234375
1088 0.0234375
1089 0.0234375
1090 0.00390625
1091 0.00390625
1092 0.00390625
1093 0.00585938
1094 0.00585938
1095 0.00390625
1096 0.00390625
1097 0.00390625
1098 0.00390625
1099 0.00390625
1100 0.00390625
1101 0.00390625
1102 0.00390625
1103 0.00390625
1104 0.00390625
1105 0.00390625
1106 0.00195312
1107 0.00195312
1108 0.00195312
1109 0.00195312
1110 0.00195312
1111 0.00390625
1112 0.00390625
1113 0.00390625
1114 0.00390625
1115 0.00390625
1116 0.00390625
1117 0.00390625
1118 0.00390625
1119 0.00390625
1120 0.00390625
1121 0.00390625
1122 0.00390625
1123 0.00390625
1124 0.00390625
1125 0.00390625
1126 0.00390625
1127 0.00390625
1128 0.00390625
1129 0.00390625
1130 0.00390625
1131 0.00585938
1132 0.00585938
1133 0.00585938
1134 0.00585938
1135 0.00585938
1136 0.00585938
1137 0.00585938
1138 0.00585938
1139 0.00585938
1140 0.00585938
1141 0.00585938
1142 0.00585938
1143 0.00390625
1144 0.0234375
1145 0.0234375
1146 0.0234375
1147 0.0234375
1148 0.0234375
1149 0.0234375
1150 0.0234375
1151 0.0234375
1152 0.0234375
1153 0.0234375
1154 0.0234375
1155 0.0234375
1156 0.0234375
1157 0.0234375
1158 0.0234375
1159 0.0234375
1160 0.0234375
1161 0.0214844
1162 0.0214844
1163 0.0214844
1164 0.0214844
1165 0.0214844
1166 0.0214844
1167 0.0214844
1168 0.0214844
1169 0.0214844
1170 0.0214844
1171 0.0214844
1172 0.0214844
1173 0.0214844
1174 0.0214844
1175 0.0214844
1176 0.0214844
1177 0.0214844
1178 0.0214844
1179 0.0214844
1180 0.0214844
1181 0.0195312
1182 0.0195312
1183 0.0195312
1184 0.0195312
1185 0.0195312
1186 0.0195312
1187 0.0195312
1188 0.0195312
1189 0.0214844
1190 0.0214844
1191 0.0214844
1192 0.0214844
1193 0.0214844
1194 0.00195312
1195 0.00195312
1196 0.00195312
1197 0.00195312
1198 0.00195312
1199 0.00195312
1200 0.00195312
1201 0.00195312
1202 0.00195312
1203 0.00195312
1204 0.00195312
1205 0.00195312
1206 0.00195312
1207 0.00195312
1208 0.00195312
1209 0.00195312
1210 0.00195312
1211 0.00195312
1212 0.00195312
1213 0.00195312
1214 0.00195312
1215 0.00195312
1216 0.00195312
1217 0.00195312
1218 0.00195312
1219 0.00195312
1220 0.00195312
1221 0.00195312
1222 0.00195312
1223 0.00195312
1224 0.00195312
1225 0.00195312
1226 0.00195312
1227 0.00195312
1228 0.00390625
1229 0.00390625
1230 0.00390625
1231 0.00585938
1232 0.00585938
1233 0.00585938
1234 0.00585938
1235 0.00585938
1236 0.00585938
1237 0.00585938
1238 0.00585938
1239 0.00390625
1240 0.00390625
1241 0.00390625
1242 0.00585938
1243 0.00585938
1244 0.00585938
1245 0.00585938
1246 0.0078125
1247 0.0078125
1248 0.0273438
1249 0.0273438
1250 0.0273438
1251 0.0273438
1252 0.0273438
1253 0.0273438
1254 0.0273438
1255 0.0273438
1256 0.0273438
1257 0.0273438
1258 0.0273438
1259 0.0273438
1260 0.0273438
1261 0.0273438
1262 0.0292969
1263 0.0292969
1264 0.0292969
1265 0.0292969
1266 0.0292969
1267 0.0292969
1268 0.0292969
1269 0.0292969
1270 0.0292969
1271 0.0292969
1272 0.0292969
1273 0.0292969
1274 0.0292969
1275 0.0292969
1276 0.0292969
1277 0.0292969
1278 0.0273438
1279 0.0273438
1280 0.0273438
1281 0.0253906
1282 0.0253906
1283 0.0253906
1284 0.0253906
1285 0.0273438
1286 0.0273438
1287 0.0273438
1288 0.0273438
1289 0.0273438
1290 0.0273438
1291 0.0273438
1292 0.0253906
1293 0.0253906
1294 0.0253906
1295 0.0273438
1296 0.0253906
1297 0.0253906
1298 0.00585938
1299 0.00585938
1300 0.00585938
1301 0.00585938
1302 0.00585938
1303 0.00585938
1304 0.00585938
1305 0.00585938
1306 0.00585938
1307 0.00585938
1308 0.00585938
1309 0.00585938
1310 0.00585938
1311 0.00585938
1312 0.00390625
1313 0.00390625
1314 0.00390625
1315 0.00390625
1316 0.00390625
1317 0.00390625
1318 0.00390625
1319 0.00390625
1320 0.00390625
1321 0.00390625
1322 0.00390625
1323 0.00390625
1324 0.00390625
1325 0.00390625
1326 0.00390625
1327 0.00390625
1328 0.00390625
1329 0.00390625
1330 0.00390625
1331 0.00390625
1332 0.00390625
1333 0.00390625
1334 0.00585938
1335 0.00390625
1336 0.00390625
1337 0.00390625
1338 0.00390625
1339 0.00390625
1340 0.00390625
1341 0.00390625
1342 0.00390625
1343 0.00390625
1344 0.00390625
1345 0.00195312
1346 0.00195312
1347 0.00195312
1348 0.00195312
1349 0.00195312
1350 0.00195312
1351 0.00195312
1352 0.0214844
1353 0.0214844
1354 0.0214844
1355 0.0214844
1356 0.0214844
1357 0.0214844
1358 0.0214844
1359 0.0214844
1360 0.0214844
1361 0.0214844
1362 0.0214844
1363 0.0214844
1364 0.0214844
1365 0.0214844
1366 0.0234375
1367 0.0234375
1368 0.0234375
1369 0.0234375
1370 0.0234375
1371 0.0234375
1372 0.0234375
1373 0.0234375
1374 0.0234375
1375 0.0234375
1376 0.0234375
1377 0.0234375
1378 0.0234375
1379 0.0234375
1380 0.0234375
1381 0.0234375
1382 0.0234375
1383 0.0234375
1384 0.0214844
1385 0.0214844
1386 0.0214844
1387 0.0214844
1388 0.0214844
1389 0.0214844
1390 0.0214844
1391 0.0214844
1392 0.0214844
1393 0.0214844
1394 0.0214844
1395 0.0214844
1396 0.0214844
1397 0.0214844
1398 0.0214844
1399 0.0214844
1400 0.0214844
1401 0.0214844
1402 0.00195312
1403 0.00195312
1404 0.00195312
1405 0.00195312
1406 0.00195312
1407 0.00195312
1408 0.00195312
1409 0.00195312
1410 0.00195312
1411 0.00195312
1412 0.00195312
1413 0.00195312
1414 0.00195312
1415 0.00195312
1416 0
1417 0
1418 0
1419 0
1420 0
1421 0
1422 0
1423 0
1424 0
1425 0
1426 0
1427 0
1428 0.00195312
1429 0.00195312
1430 0.00195312
1431 0.00195312
1432 0.00195312
1433 0.00195312
1434 0.00195312
1435 0.00195312
1436 0.00195312
1437 0.00195312
1438 0.00195312
1439 0.00195312
1440 0.00195312
1441 0.00195312
1442 0.00195312
1443 0.00195312
1444 0.00195312
1445 0.00195312
1446 0.00195312
1447 0.00195312
1448 0.00195312
1449 0.00195312
1450 0.00195312
1451 0.00195312
1452 0.00195312
1453 0.00195312
1454 0.00195312
1455 0.00195312
1456 0.0214844
1457 0.0214844
1458 0.0214844
1459 0.0214844
1460 0.0214844
1461 0.0234375
1462 0.0234375
1463 0.0234375
1464 0.0234375
1465 0.0234375
1466 0.0234375
1467 0.0234375
1468 0.0234375
1469 0.0234375
1470 0.0234375
1471 0.0234375
1472 0.0234375
1473 0.0234375
1474 0.0234375
1475 0.0234375
1476 0.0234375
1477 0.0234375
1478 0.0214844
1479 0.0214844
1480 0.0214844
1481 0.0214844
1482 0.0214844
1483 0.0214844
1484 0.0214844
1485 0.0214844
1486 0.0214844
1487 0.0214844
1488 0.0214844
1489 0.0214844
1490 0.0214844
1491 0.0214844
1492 0.0214844
1493 0.0214844
1494 0.0214844
1495 0.0214844
1496 0.0214844
1497 0.0214844
1498 0.0214844
1499 0.0214844
1500 0.0214844
1501 0.0214844
1502 0.0214844
1503 0.0234375
1504 0.0234375
1505 0.0253906
1506 0.0078125
1507 0.0078125
1508 0.0078125
1509 0.0078125
1510 0.0078125
1511 0.00585938
1512 0.00976562
1513 0.0117188
1514 0.0136719
1515 0.0136719
1516 0.0136719
1517 0.0136719
1518 0.015625
1519 0.015625
1520 0.0175781
1521 0.0195312
1522 0.0195312
1523 0.0234375
1524 0.0253906
1525 0.0253906
1526 0.0253906
1527 0.0273438
1528 0.0273438
1529 0.0273438
1530 0.0273438
1531 0.0292969
1532 0.0292969
1533 0.0292969
1534 0.0292969
1535 0.0292969
1536 0.0292969
1537 0.03125
1538 0.03125
1539 0.03125
1540 0.03125
1541 0.03125
1542 0.0332031
1543 0.0332031
1544 0.0332031
1545 0.0332031
1546 0.0332031
1547 0.0332031
1548 0.0332031
1549 0.0332031
1550 0.0332031
1551 0.0332031
1552 0.0332031
1553 0.03125
1554 0.03125
1555 0.0292969
1556 0.0273438
1557 0.0273438
1558 0.0273438
1559 0.0273438
1560 0.046875
1561 0.046875
1562 0.0449219
1563 0.0429688
1564 0.0410156
1565 0.0410156
1566 0.0410156
1567 0.0410156
1568 0.0390625
1569 0.0390625
1570 0.0371094
1571 0.0351562
1572 0.0351562
1573 0.03125
1574 0.0292969
1575 0.0292969
1576 0.0292969
1577 0.0273438
1578 0.0273438
1579 0.0273438
1580 0.0273438
1581 0.0253906
1582 0.0253906
1583 0.0253906
1584 0.0253906
1585 0.0253906
1586 0.0253906
1587 0.0234375
1588 0.0234375
1589 0.0234375
1590 0.0234375
1591 0.0234375
1592 0.0214844
1593 0.0214844
1594 0.0214844
1595 0.0214844
1596 0.0214844
1597 0.0214844
1598 0.0214844
1599 0.0214844
1600 0.0214844
1601 0.0214844
1602 0.0214844
1603 0.0214844
1604 0.0214844
1605 0.0214844
1606 0.0214844
1607 0.0214844
1608 0.0214844
1609 0.0214844
1610 0.00195312
1611 0.00195312
1612 0
1613 0
1614 0
1615 0
1616 0
1617 0
1618 0
1619 0
1620 0
1621 0
1622 0
1623 0
1624 0
1625 0
1626 0
1627 0
1628 0
1629 0
1630 0
1631 0
1632 0
1633 0
1634 0
1635 0
1636 0
1637 0
1638 0
1639 0
1640 0
1641 0
1642 0
1643 0
1644 0
1645 0
1646 0
1647 0
1648 0
1649 0
1650 0
1651 0.00195312
1652 0.00195312
1653 0.00195312
1654 0.00195312
1655 0.00195312
1656 0.00195312
1657 0.00195312
1658 0.00195312
1659 0.00195312
1660 0.00195312
1661 0.00195312
1662 0.00195312
1663 0.00195312
1664 0.0214844
1665 0.0214844
1666 0.0234375
1667 0.0234375
1668 0.0234375
1669 0.0234375
1670 0.0234375
1671 0.0234375
1672 0.0234375
1673 0.0234375
1674 0.0234375
1675 0.0234375
1676 0.0234375
1677 0.0234375
1678 0.0234375
1679 0.0234375
1680 0.0234375
1681 0.0234375
1682 0.0234375
1683 0.0234375
1684 0.0234375
1685 0.0234375
1686 0.0234375
1687 0.0234375
1688 0.0234375
1689 0.0234375
1690 0.0234375
1691 0.0234375
1692 0.0234375
1693 0.0234375
1694 0.0234375
1695 0.0234375
1696 0.0234375
1697 0.0234375
1698 0.0234375
1699 0.0234375
1700 0.0234375
1701 0.0214844
1702 0.0214844
1703 0.0214844
1704 0.0214844
1705 0.0214844
1706 0.0214844
1707 0.0214844
1708 0.0214844
1709 0.0214844
1710 0.0214844
1711 0.0214844
1712 0.0214844
1713 0.0214844
1714 0.00195312
1715 0.00195312
1716 0
1717 0
1718 0
1719 0
1720 0
1721 0
1722 0
1723 0
1724 0
1725 0
1726 0
1727 0
1728 0
1729 0
1730 0
1731 0
1732 0
1733 0
1734 0
1735 0
1736 0
1737 0
1738 0
1739 0
1740 0
1741 0
1742 0
1743 0
1744 0
1745 0
1746 0
1747 0
1748 0
1749 0
1750 0
1751 0
1752 0
1753 0
1754 0
1755 0
1756 0
1757 0
1758 0
1759 0
1760 0
1761 0
1762 0
1763 0
1764 0
1765 0
1766 0
1767 0
1768 0.0195312
1769 0.0195312
1770 0.0195312
1771 0.0195312
1772 0.0195312
1773 0.0195312
1774 0.0195312
1775 0.0195312
1776 0.0195312
1777 0.0195312
1778 0.0195312
1779 0.0195312
1780 0.0195312
1781 0.0195312
1782 0.0195312
1783 0.0195312
1784 0.0195312
1785 0.0195312
1786 0.0195312
1787 0.0195312
1788 0.0195312
1789 0.0195312
1790 0.0195312
1791 0.0195312
1792 0.0195312
1793 0.0195312
1794 0.0195312
1795 0.0195312
1796 0.0195312
1797 0.0195312
1798 0.0195312
1799 0.0195312
1800 0.0195312
1801 0.0195312
1802 0.0195312
1803 0.0195312
1804 0.0195312
1805 0.0195312
1806 0.0195312
1807 0.0195312
1808 0.0195312
1809 0.0195312
1810 0.0195312
1811 0.0195312
1812 0.0195312
1813 0.0195312
1814 0.0195312
1815 0.0195312
1816 0.0195312
1817 0.0195312
1818 0
1819 0
1820 0
1821 0
1822 0
1823 0
1824 0
1825 0
1826 0
1827 0
1828 0
1829 0
1830 0
1831 0
1832 0
1833 0
1834 0
1835 0
1836 0
1837 0
1838 0
1839 0
1840 0
1841 0
1842 0
1843 0
1844 0
1845 0
1846 0
1847 0
1848 0
1849 0
1850 0
1851 0
1852 0
1853 0
1854 0
1855 0
1856 0
1857 0
1858 0
1859 0
1860 0
1861 0
1862 0
1863 0
1864 0
1865 0
1866 0
1867 0
1868 0
1869 0
1870 0
1871 0
1872 0.0195312
1873 0.0195312
1874 0.0195312
1875 0.0195312
1876 0.0195312
1877 0.0195312
1878 0.0195312
1879 0.0195312
1880 0.0195312
1881 0.0195312
1882 0.0195312
1883 0.0195312
1884 0.0195312
1885 0.0195312
1886 0.0195312
1887 0.0195312
1888 0.0195312
1889 0.0195312
1890 0.0195312
1891 0.0195312
1892 0.0195312
1893 0.0195312
1894 0.0195312
1895 0.0195312
1896 0.0195312
1897 0.0195312
1898 0.0195312
1899 0.0195312
1900 0.0195312
1901 0.0195312
1902 0.0195312
1903 0.0195312
1904 0.0195312
1905 0.0195312
1906 0.0195312
1907 0.0195312
1908 0.0195312
1909 0.0195312
1910 0.0195312
1911 0.0195312
1912 0.0195312
1913 0.0195312
1914 0.0195312
1915 0.0195312
1916 0.0195312
1917 0.0195312
1918 0.0195312
1919 0.0195312
1920 0.0195312
1921 0.0195312
1922 0
1923 0
1924 0
1925 0
1926 0
1927 0
1928 0
1929 0
1930 0
1931 0
1932 0
1933 0
1934 0
1935 0
1936 0
1937 0.00195312
1938 0.00195312
1939 0.00195312
1940 0.00195312
1941 0.00195312
1942 0.00195312
1943 0.00195312
1944 0.00195312
1945 0.00195312
1946 0.00195312
1947 0.00195312
1948 0.00195312
1949 0.00195312
1950 0.00195312
1951 0.00195312
1952 0.00195312
1953 0.00195312
1954 0.00195312
1955 0.00195312
1956 0.00195312
1957 0.00195312
1958 0.00195312
1959 0.00195312
1960 0.00195312
1961 0.00195312
1962 0.00195312
1963 0.00195312
1964 0.00195312
1965 0.00195312
1966 0.00195312
1967 0.00195312
1968 0.00195312
1969 0.00195312
1970 0.00195312
1971 0.00195312
1972 0.00195312
1973 0.00195312
1974 0.00195312
1975 0.00195312
1976 0.0214844
1977 0.0214844
1978 0.0214844
1979 0.0214844
1980 0.0214844
1981 0.0214844
1982 0.0214844
1983 0.0214844
1984 0.0214844
1985 0.0214844
1986 0.0214844
1987 0.0195312
1988 0.0195312
1989 0.0195312
1990 0.0195312
1991 0.0195312
1992 0.0195312
1993 0.0195312
1994 0.0195312
1995 0.0195312
1996 0.0195312
1997 0.0195312
1998 0.0195312
1999 0.0195312
