0 0
1 -1
2 -1
3 -1
4 1
5 -1
6 3
7 4
8 -1
9 -1
10 -1
11 8
12 9
13 -1
14 11
15 -1
16 -1
17 -1
18 -1
19 -1
20 18
21 17
22 19
23 19
24 22
25 -1
26 23
27 23
28 -1
29 -1
30 27
31 -1
32 -1
33 -1
34 -1
35 32
36 -1
37 -1
38 -1
39 36
40 -1
41 38
42 40
43 40
44 -1
45 -1
46 -1
47 44
48 -1
49 -1
50 -1
51 -1
52 -1
53 -1
54 -1
55 53
56 -1
57 -1
58 -1
59 -1
60 -1
61 51
62 51
63 -1
64 61
65 -1
66 63
67 -1
68 -1
69 -1
70 -1
71 58
72 -1
73 -1
74 -1
75 -1
76 -1
77 68
78 -1
79 -1
80 77
81 -1
82 80
83 -1
84 -1
85 82
86 -1
87 23
88 -1
89 39
90 39
91 88
92 -1
93 -1
94 -1
95 -1
96 30
97 -1
98 19
99 9
100 -1
101 -1
102 -1
103 100
104 100
105 -1
106 -1
107 1
108 2
109 4
110 4
111 6
112 6
113 7
114 8
115 9
116 10
117 11
118 12
119 5
120 15
121 -1
122 17
123 17
124 18
125 19
126 21
127 21
128 22
129 22
130 23
131 25
132 11
133 27
134 27
135 29
136 6
137 31
138 32
139 32
140 35
141 36
142 36
143 36
144 38
145 38
146 40
147 41
148 22
149 44
150 44
151 19
152 19
153 47
154 48
155 25
156 49
157 51
158 52
159 53
160 55
161 55
162 36
163 58
164 58
165 59
166 58
167 61
168 63
169 63
170 55
171 14
172 67
173 16
174 44
175 25
176 25
177 25
178 72
179 73
180 14
181 75
182 12
183 77
184 77
185 79
186 19
187 19
188 82
189 82
190 84
191 83
192 86
193 86
194 88
195 88
196 90
197 91
198 44
199 93
200 11
201 7
202 19
203 97
204 97
205 99
206 100
207 100
208 100
209 -1
210 0
211 1
212 2
213 3
214 3
215 5
216 6
217 7
218 8
219 10
220 10
221 10
222 12
223 13
224 15
225 17
226 16
227 17
228 19
229 19
230 20
231 22
232 22
233 23
234 25
235 25
236 26
237 27
238 27
239 29
240 14
241 32
242 32
243 32
244 34
245 36
246 36
247 36
248 38
249 38
250 38
251 41
252 42
253 43
254 43
255 44
256 46
257 47
258 47
259 49
260 51
261 51
262 52
263 53
264 54
265 55
266 55
267 58
268 58
269 58
270 61
271 61
272 63
273 63
274 63
275 66
276 66
277 66
278 68
279 25
280 71
281 71
282 73
283 73
284 74
285 75
286 77
287 77
288 79
289 79
290 80
291 81
292 82
293 84
294 84
295 84
296 86
297 86
298 88
299 88
300 90
301 90
302 91
303 93
304 79
305 95
306 96
307 97
308 98
309 100
310 100
311 100
312 100
313 -1
314 0
315 1
316 2
317 3
318 3
319 7
320 6
321 7
322 8
323 8
324 10
325 11
326 12
327 13
328 14
329 54
330 16
331 17
332 19
333 19
334 20
335 20
336 22
337 23
338 25
339 25
340 26
341 27
342 27
343 29
344 30
345 32
346 32
347 32
348 36
349 35
350 36
351 36
352 38
353 38
354 38
355 41
356 42
357 42
358 44
359 44
360 46
361 47
362 48
363 49
364 50
365 51
366 52
367 54
368 55
369 55
370 55
371 57
372 58
373 59
374 59
375 61
376 63
377 63
378 63
379 63
380 66
381 68
382 68
383 68
384 71
385 71
386 71
387 73
388 74
389 75
390 76
391 77
392 78
393 79
394 80
395 81
396 82
397 82
398 84
399 84
400 86
401 86
402 88
403 88
404 90
405 93
406 93
407 93
408 93
409 95
410 97
411 97
412 98
413 100
414 100
415 100
416 100
417 -1
418 0
419 1
420 2
421 3
422 4
423 5
424 6
425 7
426 8
427 8
428 10
429 11
430 11
431 14
432 14
433 15
434 16
435 17
436 19
437 19
438 20
439 20
440 22
441 23
442 23
443 25
444 27
445 27
446 27
447 29
448 32
449 31
450 32
451 32
452 36
453 35
454 36
455 36
456 38
457 38
458 40
459 42
460 42
461 42
462 44
463 44
464 46
465 47
466 49
467 49
468 52
469 51
470 54
471 54
472 55
473 55
474 56
475 56
476 58
477 58
478 58
479 63
480 63
481 63
482 63
483 63
484 67
485 68
486 68
487 68
488 71
489 71
490 71
491 73
492 74
493 75
494 76
495 77
496 78
497 79
498 80
499 81
