0 0
1 0
2 0
3 0.00363636
4 0.00363636
5 0.0169697
6 0.0269697
7 0.0269697
8 0.0269697
9 0.0269697
10 0.0369697
11 0.0469697
12 0.0469697
13 0.0509697
14 0.0509697
15 0.0509697
16 0.0509697
17 0.0509697
18 0.0509697
19 0.0564242
20 0.0564242
21 0.0630909
22 0.0697576
23 0.0715758
24 0.0715758
25 0.0815758
26 0.0815758
27 0.0815758
28 0.0815758
29 0.0815758
30 0.0815758
31 0.0815758
32 0.0815758
33 0.0815758
34 0.0815758
35 0.0815758
36 0.0815758
37 0.0815758
38 0.0870303
39 0.0870303
40 0.0979394
41 0.105212
42 0.105212
43 0.105212
44 0.105212
45 0.105212
46 0.105212
47 0.105212
48 0.105212
49 0.105212
50 0.105212
51 0.105212
52 0.105212
53 0.101576
54 0.105212
55 0.0918788
56 0.0818788
57 0.0818788
58 0.0818788
59 0.0818788
60 0.0809697
61 0.0764242
62 0.0764242
63 0.0768687
64 0.0768687
65 0.0768687
66 0.0768687
67 0.0768687
68 0.0768687
69 0.0714141
70 0.0714141
71 0.0647475
72 0.0580808
73 0.0562626
74 0.0562626
75 0.0462626
76 0.0462626
77 0.0462626
78 0.0462626
79 0.0462626
80 0.0462626
81 0.0517172
82 0.0517172
83 0.0517172
84 0.0571717
85 0.0571717
86 0.0571717
87 0.0571717
88 0.0557172
89 0.0607172
90 0.0516263
91 0.0443535
92 0.0443535
93 0.0443535
94 0.0443535
95 0.0493535
96 0.0493535
97 0.0493535
98 0.0493535
99 0.0493535
100 0.0493535
101 0.0493535
102 0.0584444
103 0.0602626
104 0.0566263
105 0.0566263
106 0.0646263
107 0.0723186
108 0.0832277
109 0.0882277
110 0.0878868
111 0.0917655
112 0.0967655
113 0.104321
114 0.112321
115 0.122909
116 0.131481
117 0.136187
118 0.148187
119 0.157278
120 0.157278
121 0.169778
122 0.182505
123 0.190283
124 0.201192
125 0.212303
126 0.224067
127 0.229782
128 0.244067
129 0.254977
130 0.262345
131 0.26889
132 0.277462
133 0.282462
134 0.282722
135 0.294722
136 0.297579
137 0.311579
138 0.314852
139 0.32128
140 0.326129
141 0.338436
142 0.344151
143 0.359151
144 0.369817
145 0.374291
146 0.380005
147 0.392005
148 0.405339
149 0.41645
150 0.419783
151 0.426926
152 0.428502
153 0.430017
154 0.435017
155 0.442076
156 0.442076
157 0.444383
158 0.442224
159 0.452224
160 0.452363
161 0.45303
162 0.45803
163 0.46203
164 0.46403
165 0.462853
166 0.470282
167 0.476164
168 0.474164
169 0.473962
170 0.478407
171 0.47924
172 0.482513
173 0.490735
174 0.491493
175 0.493109
176 0.492253
177 0.491993
178 0.492708
179 0.491799
180 0.487763
181 0.488263
182 0.491121
183 0.494121
184 0.494406
185 0.493835
186 0.496692
187 0.495
188 0.504091
189 0.503571
190 0.502619
191 0.505867
192 0.510152
193 0.506581
194 0.508222
195 0.508082
196 0.513478
197 0.507312
198 0.503978
199 0.500867
200 0.505534
201 0.512677
202 0.512919
203 0.518677
204 0.520343
205 0.527131
206 0.52802
207 0.520686
208 0.511936
209 0.51027
210 0.511969
211 0.509469
212 0.508993
213 0.498799
214 0.496799
215 0.495569
216 0.487262
217 0.486085
218 0.483285
219 0.483092
220 0.487343
221 0.48001
222 0.469724
223 0.460997
224 0.458663
225 0.458663
226 0.458281
227 0.460445
228 0.45368
229 0.452014
230 0.457252
231 0.451419
232 0.453323
233 0.453149
234 0.454422
235 0.454422
236 0.45689
237 0.452764
238 0.441734
239 0.441734
240 0.44444
241 0.443885
242 0.442635
243 0.43736
244 0.435822
245 0.434723
246 0.429862
247 0.436529
248 0.435529
249 0.434196
250 0.431196
251 0.428021
252 0.425347
253 0.428256
254 0.429825
255 0.425312
256 0.425423
257 0.430257
258 0.437315
259 0.43629
260 0.435702
261 0.436028
262 0.434123
263 0.439983
264 0.440555
265 0.440373
266 0.43768
267 0.43736
268 0.43766
269 0.437535
270 0.436459
271 0.440459
272 0.442926
273 0.444225
274 0.443463
275 0.438971
276 0.435111
277 0.435913
278 0.433765
279 0.43602
280 0.436337
281 0.437449
282 0.433206
283 0.437047
284 0.433524
285 0.432095
286 0.431114
287 0.432456
288 0.433789
289 0.429939
290 0.426518
291 0.419295
292 0.419957
293 0.420803
294 0.416034
295 0.416688
296 0.419188
297 0.414095
298 0.412714
299 0.414381
300 0.416581
301 0.413652
302 0.410416
303 0.404131
304 0.401778
305 0.401016
306 0.400766
307 0.403932
308 0.406874
309 0.407066
310 0.406066
311 0.399416
312 0.391797
313 0.392438
314 0.394393
315 0.394726
316 0.39925
317 0.395159
318 0.394326
319 0.393255
320 0.393255
321 0.392255
322 0.391216
323 0.389917
324 0.388845
325 0.38621
326 0.384877
327 0.387365
328 0.389849
329 0.389261
330 0.39096
331 0.390802
332 0.389711
333 0.386377
334 0.391323
335 0.390797
336 0.395362
337 0.394171
338 0.395686
339 0.399216
340 0.402397
341 0.40212
342 0.399375
343 0.403041
344 0.406132
345 0.406132
346 0.406473
347 0.407066
348 0.409447
349 0.411113
350 0.408261
351 0.408413
352 0.410913
353 0.413532
354 0.414649
355 0.415602
356 0.414259
357 0.414704
358 0.412939
359 0.409912
360 0.408413
361 0.417236
362 0.424509
363 0.421613
364 0.420177
365 0.419044
366 0.41752
367 0.42377
368 0.423419
369 0.424919
370 0.423616
371 0.424616
372 0.425473
373 0.426896
374 0.428487
375 0.432411
376 0.43477
377 0.43148
378 0.430408
379 0.426808
380 0.42622
381 0.429127
382 0.429309
383 0.4305
384 0.42963
385 0.429156
386 0.427392
387 0.42763
388 0.425848
389 0.42401
390 0.424399
391 0.426423
392 0.429757
393 0.42809
394 0.427181
395 0.429959
396 0.427534
397 0.427868
398 0.425068
399 0.422475
400 0.427651
401 0.426214
402 0.42741
403 0.424959
404 0.426655
405 0.426222
406 0.427386
407 0.423643
408 0.422408
409 0.424184
410 0.426158
411 0.425249
412 0.427976
413 0.42726
414 0.427643
415 0.421554
416 0.413554
417 0.412892
418 0.417103
419 0.416798
420 0.417625
421 0.41325
422 0.4115
423 0.411138
424 0.410743
425 0.409915
426 0.410222
427 0.410603
428 0.411675
429 0.412417
430 0.411829
431 0.40797
432 0.408677
433 0.408626
434 0.411912
435 0.411093
436 0.408786
437 0.40891
438 0.412034
439 0.413872
440 0.414824
441 0.413634
442 0.411326
443 0.412852
444 0.413366
445 0.408656
446 0.407823
447 0.408489
448 0.409861
449 0.410787
450 0.410354
451 0.411457
452 0.413288
453 0.415406
454 0.415131
455 0.41354
456 0.41354
457 0.414353
458 0.414496
459 0.411072
460 0.409932
461 0.412606
462 0.411606
463 0.413498
464 0.412358
465 0.418747
466 0.425947
467 0.42393
468 0.4221
469 0.420547
470 0.419832
471 0.427541
472 0.429069
473 0.430259
474 0.428763
475 0.428763
476 0.428763
477 0.429335
478 0.427192
479 0.428745
480 0.42674
481 0.427574
482 0.426511
483 0.426037
484 0.422426
485 0.423718
486 0.423433
487 0.423309
488 0.420185
489 0.416263
490 0.41474
491 0.414232
492 0.41554
493 0.414487
494 0.412459
495 0.414593
496 0.417093
497 0.417617
498 0.417617
499 0.419283
500 0.412593
501 0.408402
502 0.401304
503 0.403304
504 0.400483
505 0.397499
506 0.396128
507 0.393107
508 0.393584
509 0.393939
510 0.394177
511 0.388813
512 0.387085
513 0.385971
514 0.384001
515 0.387089
516 0.389889
517 0.391844
518 0.39157
519 0.385479
520 0.379051
521 0.374718
522 0.37694
523 0.374823
524 0.37452
525 0.371539
526 0.370435
527 0.369864
528 0.370332
529 0.369818
530 0.37041
531 0.371244
532 0.371599
533 0.370292
534 0.371487
535 0.370585
536 0.373178
537 0.373302
538 0.375235
539 0.377264
540 0.377264
541 0.378962
542 0.379053
543 0.380106
544 0.381131
545 0.380374
546 0.380374
547 0.38085
548 0.380974
549 0.376574
550 0.38287
551 0.386886
552 0.392549
553 0.391244
554 0.394735
555 0.397116
556 0.399916
557 0.405865
558 0.406072
559 0.409002
560 0.409126
561 0.410226
562 0.410361
563 0.409583
564 0.41231
565 0.412248
566 0.412248
567 0.408922
568 0.409196
569 0.41504
570 0.422732
571 0.421732
572 0.41914
573 0.418656
574 0.418902
575 0.419113
576 0.420399
577 0.424163
578 0.424886
579 0.423601
580 0.425124
581 0.424483
582 0.423994
583 0.424635
584 0.422391
585 0.42182
586 0.420153
587 0.419639
588 0.418998
589 0.419826
590 0.419518
591 0.417995
592 0.416904
593 0.415468
594 0.415468
595 0.414827
596 0.414676
597 0.413371
598 0.413767
599 0.41769
600 0.416687
601 0.416861
602 0.41577
603 0.41577
604 0.412085
605 0.410482
606 0.406934
607 0.403515
608 0.40175
609 0.395781
610 0.393514
611 0.393707
612 0.393707
613 0.392154
614 0.391758
615 0.38864
616 0.385782
617 0.386582
618 0.384553
619 0.3848
620 0.386198
621 0.387289
622 0.389882
623 0.384209
624 0.377066
625 0.38114
626 0.382958
627 0.378336
628 0.377384
629 0.375893
630 0.373266
631 0.372716
632 0.372167
633 0.371833
634 0.373074
635 0.373074
636 0.373832
637 0.372546
638 0.372354
639 0.37283
640 0.375138
641 0.375471
642 0.374971
643 0.37308
644 0.373214
645 0.374217
646 0.375127
647 0.375522
648 0.374123
649 0.372599
650 0.372733
651 0.374733
652 0.375429
653 0.374141
654 0.378259
655 0.380372
656 0.383012
657 0.384015
658 0.38665
659 0.389507
660 0.393079
661 0.395912
662 0.397076
663 0.399934
664 0.399571
665 0.399856
666 0.400121
667 0.400816
668 0.401842
669 0.404699
670 0.406135
671 0.405377
672 0.40371
673 0.410794
674 0.419127
675 0.417823
676 0.415515
677 0.415295
678 0.415525
679 0.417527
680 0.418631
681 0.421012
682 0.421561
683 0.422257
684 0.424088
685 0.425179
686 0.422985
687 0.424422
688 0.424329
689 0.4229
690 0.421234
691 0.421234
692 0.420162
693 0.422486
694 0.423356
695 0.42266
696 0.421902
697 0.419954
698 0.420262
699 0.419669
700 0.41851
701 0.41651
702 0.416148
703 0.417831
704 0.415807
705 0.417924
706 0.417166
707 0.416804
708 0.415516
709 0.414182
710 0.410432
711 0.408239
712 0.40736
713 0.402209
714 0.402209
715 0.400141
716 0.401067
717 0.400705
718 0.401346
719 0.400042
720 0.397208
721 0.39757
722 0.397932
723 0.398295
724 0.399052
725 0.400883
726 0.404302
727 0.398712
728 0.391815
729 0.396908
730 0.398908
731 0.396527
732 0.395731
733 0.392178
734 0.389083
735 0.388326
736 0.388352
737 0.388352
738 0.388352
739 0.387781
740 0.388971
741 0.387781
742 0.390443
743 0.390443
744 0.391271
745 0.391967
746 0.391967
747 0.39352
748 0.395044
749 0.39716
750 0.398186
751 0.398881
752 0.398881
753 0.39779
754 0.398986
755 0.39687
756 0.39687
757 0.396229
758 0.397912
759 0.398168
760 0.401009
761 0.401009
762 0.401499
763 0.404984
764 0.406174
765 0.410549
766 0.411307
767 0.411307
768 0.411669
769 0.40964
770 0.410281
771 0.410676
772 0.409981
773 0.409856
774 0.409856
775 0.407663
776 0.406552
777 0.411426
778 0.419759
779 0.415955
780 0.413362
781 0.413912
782 0.414423
783 0.418804
784 0.420375
785 0.420737
786 0.422148
787 0.422905
788 0.425498
789 0.42519
790 0.423666
791 0.424857
792 0.423766
793 0.423333
794 0.421501
795 0.420806
796 0.420806
797 0.42011
798 0.417483
799 0.415959
800 0.4166
801 0.415312
802 0.415312
803 0.414719
804 0.41269
805 0.413978
806 0.414341
807 0.415739
808 0.414648
809 0.417725
810 0.416327
811 0.416327
812 0.415288
813 0.413621
814 0.40998
815 0.408313
816 0.406365
817 0.403549
818 0.403187
819 0.403663
820 0.403329
821 0.402934
822 0.402626
823 0.402055
824 0.400372
825 0.402565
826 0.40126
827 0.404577
828 0.405768
829 0.407598
830 0.410191
831 0.403749
832 0.396341
833 0.397344
834 0.39987
835 0.398582
836 0.396915
837 0.392967
838 0.389634
839 0.389634
840 0.389326
841 0.391519
842 0.390926
843 0.390531
844 0.392363
845 0.391505
846 0.391868
847 0.390824
848 0.393452
849 0.394147
850 0.393506
851 0.395623
852 0.39638
853 0.397668
854 0.398145
855 0.398973
856 0.39861
857 0.397853
858 0.398944
859 0.398468
860 0.400775
861 0.400775
862 0.402328
863 0.403661
864 0.40687
865 0.407232
866 0.407916
867 0.410398
868 0.412065
869 0.414446
870 0.41597
871 0.4178
872 0.418108
873 0.417251
874 0.417251
875 0.415816
876 0.415453
877 0.415453
878 0.416456
879 0.414111
880 0.413202
881 0.418013
882 0.426708
883 0.424878
884 0.422351
885 0.423277
886 0.424611
887 0.428468
888 0.429493
889 0.429493
890 0.429209
891 0.427016
892 0.428699
893 0.428003
894 0.426172
895 0.427029
896 0.425741
897 0.427875
898 0.426044
899 0.425348
900 0.425348
901 0.423824
902 0.422733
903 0.421445
904 0.422302
905 0.420471
906 0.420471
907 0.41928
908 0.417389
909 0.416956
910 0.415652
911 0.416014
912 0.416014
913 0.416348
914 0.414664
915 0.414664
916 0.415171
917 0.414579
918 0.410829
919 0.409638
920 0.407257
921 0.402613
922 0.402947
923 0.403211
924 0.4045
925 0.403101
926 0.403101
927 0.401577
928 0.398743
929 0.400561
930 0.399804
931 0.402834
932 0.403229
933 0.404534
934 0.40706
935 0.399977
936 0.391977
937 0.393503
938 0.396922
939 0.397229
940 0.396489
941 0.393561
942 0.39072
943 0.391811
944 0.391811
945 0.392382
946 0.391871
947 0.391476
948 0.393784
949 0.393784
950 0.396092
951 0.396092
952 0.396787
953 0.398471
954 0.397614
955 0.398255
956 0.397921
957 0.399869
958 0.400669
959 0.401102
960 0.401497
961 0.401135
962 0.40153
963 0.402721
964 0.404837
965 0.403834
966 0.403834
967 0.40476
968 0.408034
969 0.408396
970 0.408945
971 0.411396
972 0.413589
973 0.415273
974 0.416101
975 0.417933
976 0.417292
977 0.416984
978 0.416699
979 0.416223
980 0.41698
981 0.417413
982 0.417846
983 0.416179
984 0.415177
985 0.419809
986 0.428505
987 0.425805
988 0.422694
989 0.423785
990 0.426209
991 0.429894
992 0.431644
993 0.432077
994 0.432077
995 0.432201
996 0.434829
997 0.433825
998 0.431518
999 0.431518
1000 0.428925
1001 0.430016
1002 0.42932
1003 0.428925
1004 0.430116
1005 0.429782
1006 0.428925
1007 0.427526
1008 0.426193
1009 0.424669
1010 0.423578
1011 0.422652
1012 0.420228
1013 0.41853
1014 0.41853
1015 0.418038
1016 0.417705
1017 0.417705
1018 0.41461
1019 0.413914
1020 0.413722
1021 0.413722
1022 0.409647
1023 0.409252
1024 0.406651
1025 0.403377
1026 0.404381
1027 0.402749
1028 0.404037
1029 0.403209
1030 0.402814
1031 0.40079
1032 0.398673
1033 0.399431
1034 0.398603
1035 0.401811
1036 0.402207
1037 0.404381
1038 0.407492
1039 0.399734
1040 0.390643
1041 0.392663
1042 0.39519
1043 0.393073
1044 0.392278
1045 0.388725
1046 0.385653
1047 0.385653
1048 0.385653
1049 0.386348
1050 0.386084
1051 0.385688
1052 0.387688
1053 0.386685
1054 0.386044
1055 0.385736
1056 0.38642
1057 0.387423
1058 0.388449
1059 0.387856
1060 0.387856
1061 0.389144
1062 0.391568
1063 0.393742
1064 0.393742
1065 0.394542
1066 0.396542
1067 0.3973
1068 0.400395
1069 0.400729
1070 0.400636
1071 0.401826
1072 0.404466
1073 0.404466
1074 0.406634
1075 0.408717
1076 0.410021
1077 0.413484
1078 0.414313
1079 0.416728
1080 0.41544
1081 0.415347
1082 0.415632
1083 0.416065
1084 0.415703
1085 0.415703
1086 0.415703
1087 0.414036
1088 0.412925
1089 0.417842
1090 0.426537
1091 0.423759
1092 0.420925
1093 0.421344
1094 0.423538
1095 0.428396
1096 0.429944
1097 0.432252
1098 0.431967
1099 0.431604
1100 0.433552
1101 0.432264
1102 0.429957
1103 0.431788
1104 0.431788
1105 0.432429
1106 0.432936
1107 0.433332
1108 0.433639
1109 0.434565
1110 0.433708
1111 0.431935
1112 0.430845
1113 0.428845
1114 0.427654
1115 0.426797
1116 0.423694
1117 0.423298
1118 0.421467
1119 0.421133
1120 0.421133
1121 0.4207
1122 0.418506
1123 0.417503
1124 0.416412
1125 0.416412
1126 0.414412
1127 0.413584
1128 0.41031
1129 0.405081
1130 0.406369
1131 0.404417
1132 0.404417
1133 0.403588
1134 0.403951
1135 0.402003
1136 0.400319
1137 0.40151
1138 0.399843
1139 0.401926
1140 0.402322
1141 0.404515
1142 0.407933
1143 0.401441
1144 0.39235
1145 0.393461
1146 0.395987
1147 0.393395
1148 0.392884
1149 0.389956
1150 0.388008
1151 0.3886
1152 0.388051
1153 0.38686
1154 0.386065
1155 0.386822
1156 0.388489
1157 0.38709
1158 0.386783
1159 0.386142
1160 0.387332
1161 0.389105
1162 0.388512
1163 0.388845
1164 0.388845
1165 0.389702
1166 0.39233
1167 0.393634
1168 0.394637
1169 0.395333
1170 0.397017
1171 0.397926
1172 0.400553
1173 0.401194
1174 0.400337
1175 0.401094
1176 0.40179
1177 0.402185
1178 0.403343
1179 0.405794
1180 0.407098
1181 0.411167
1182 0.412999
1183 0.415414
1184 0.414126
1185 0.414391
1186 0.414675
1187 0.414675
1188 0.414675
1189 0.415816
1190 0.415816
1191 0.413985
1192 0.412874
1193 0.417791
1194 0.426486
1195 0.423375
1196 0.420541
1197 0.421467
1198 0.423661
1199 0.427347
1200 0.429295
1201 0.430819
1202 0.431368
1203 0.431368
1204 0.434472
1205 0.432524
1206 0.430216
1207 0.430857
1208 0.430572
1209 0.431213
1210 0.431213
1211 0.430851
1212 0.432139
1213 0.432139
1214 0.431498
1215 0.430905
1216 0.429715
1217 0.428048
1218 0.427686
1219 0.426398
1220 0.425307
1221 0.42364
1222 0.422812
1223 0.422479
1224 0.422479
1225 0.422912
1226 0.420466
1227 0.419708
1228 0.419501
1229 0.419501
1230 0.417193
1231 0.416241
1232 0.414124
1233 0.409465
1234 0.410753
1235 0.409797
1236 0.410439
1237 0.40961
1238 0.408969
1239 0.406903
1240 0.40522
1241 0.406048
1242 0.402476
1243 0.40456
1244 0.404955
1245 0.407481
1246 0.409789
1247 0.402706
1248 0.393615
1249 0.39505
1250 0.39707
1251 0.394689
1252 0.39414
1253 0.391521
1254 0.388664
1255 0.389213
1256 0.389213
1257 0.388572
1258 0.389165
1259 0.389165
1260 0.390355
1261 0.389714
1262 0.388218
1263 0.389409
1264 0.390412
1265 0.392096
1266 0.390659
1267 0.389733
1268 0.388543
1269 0.389135
1270 0.390226
1271 0.391893
1272 0.391893
1273 0.392226
1274 0.393779
1275 0.393779
1276 0.397053
1277 0.397053
1278 0.396996
1279 0.398186
1280 0.400018
1281 0.400537
1282 0.400537
1283 0.402419
1284 0.403723
1285 0.406272
1286 0.407029
1287 0.409445
1288 0.40916
1289 0.40916
1290 0.409752
1291 0.409752
1292 0.411657
1293 0.413324
1294 0.413324
1295 0.410623
1296 0.410623
1297 0.415434
1298 0.42413
1299 0.421603
1300 0.4179
1301 0.418757
1302 0.420705
1303 0.425517
1304 0.42707
1305 0.429904
1306 0.429904
1307 0.430545
1308 0.431636
1309 0.430199
1310 0.428675
1311 0.429316
1312 0.430116
1313 0.428592
1314 0.42823
1315 0.427472
1316 0.429271
1317 0.430197
1318 0.430462
1319 0.429869
1320 0.429869
1321 0.428203
1322 0.42784
1323 0.426914
1324 0.425626
1325 0.424436
1326 0.424003
1327 0.423362
1328 0.423362
1329 0.422534
1330 0.419461
1331 0.418704
1332 0.419296
1333 0.419296
1334 0.416796
1335 0.416887
1336 0.415489
1337 0.41152
1338 0.412809
1339 0.412544
1340 0.412544
1341 0.411716
1342 0.412078
1343 0.409771
1344 0.40868
1345 0.409944
1346 0.406841
1347 0.409476
1348 0.409871
1349 0.411871
1350 0.41499
1351 0.40824
1352 0.399149
1353 0.398623
1354 0.399927
1355 0.396298
1356 0.395748
1357 0.393297
1358 0.391349
1359 0.39186
1360 0.39186
1361 0.391219
1362 0.390911
1363 0.391607
1364 0.392797
1365 0.392156
1366 0.390961
1367 0.392151
1368 0.393439
1369 0.395556
1370 0.393608
1371 0.392682
1372 0.391491
1373 0.392084
1374 0.393768
1375 0.395434
1376 0.395039
1377 0.39568
1378 0.397233
1379 0.397628
1380 0.4007
1381 0.4007
1382 0.400393
1383 0.40115
1384 0.402346
1385 0.402346
1386 0.402346
1387 0.403536
1388 0.404364
1389 0.406312
1390 0.407403
1391 0.409819
1392 0.408531
1393 0.408531
1394 0.408531
1395 0.408964
1396 0.4104
1397 0.411228
1398 0.411661
1399 0.409995
1400 0.407802
1401 0.412612
1402 0.420946
1403 0.419279
1404 0.417279
1405 0.419078
1406 0.420631
1407 0.424272
1408 0.426653
1409 0.427941
1410 0.427941
1411 0.428582
1412 0.429981
1413 0.428182
1414 0.426658
1415 0.427662
1416 0.429252
1417 0.427729
1418 0.427366
1419 0.426538
1420 0.428091
1421 0.429017
1422 0.429281
1423 0.428689
1424 0.428689
1425 0.426689
1426 0.426327
1427 0.425136
1428 0.422065
1429 0.422498
1430 0.422065
1431 0.421732
1432 0.421183
1433 0.421183
1434 0.419154
1435 0.418396
1436 0.419037
1437 0.419037
1438 0.417513
1439 0.416422
1440 0.414474
1441 0.410506
1442 0.412622
1443 0.411382
1444 0.411382
1445 0.410949
1446 0.411311
1447 0.409787
1448 0.408264
1449 0.409454
1450 0.408017
1451 0.41148
1452 0.41148
1453 0.413147
1454 0.415673
1455 0.408228
1456 0.399532
1457 0.400008
1458 0.401011
1459 0.399212
1460 0.398355
1461 0.395315
1462 0.392676
1463 0.393187
1464 0.392879
1465 0.393274
1466 0.391591
1467 0.391924
1468 0.393115
1469 0.391562
1470 0.390009
1471 0.3912
1472 0.392126
1473 0.393809
1474 0.391861
1475 0.391004
1476 0.390078
1477 0.390935
1478 0.394006
1479 0.393178
1480 0.392782
1481 0.393116
1482 0.394669
1483 0.395101
1484 0.397959
1485 0.397959
1486 0.397033
1487 0.396699
1488 0.39779
1489 0.398881
1490 0.399431
1491 0.400621
1492 0.400621
1493 0.402865
1494 0.403956
1495 0.404389
1496 0.403693
1497 0.403386
1498 0.403386
1499 0.402953
1500 0.404056
1501 0.404532
1502 0.404532
1503 0.402032
1504 0.398649
1505 0.402853
1506 0.410353
1507 0.409877
1508 0.407351
1509 0.408454
1510 0.410007
1511 0.415824
1512 0.416329
1513 0.418922
1514 0.420703
1515 0.421612
1516 0.423728
1517 0.422803
1518 0.420779
1519 0.42316
1520 0.424199
1521 0.421875
1522 0.422632
1523 0.420498
1524 0.423355
1525 0.424546
1526 0.424831
1527 0.423497
1528 0.425328
1529 0.424966
1530 0.424603
1531 0.422699
1532 0.422003
1533 0.420812
1534 0.419984
1535 0.419651
1536 0.419651
1537 0.419151
1538 0.416727
1539 0.415969
1540 0.416277
1541 0.416277
1542 0.413676
1543 0.41298
1544 0.410786
1545 0.408405
1546 0.409929
1547 0.408688
1548 0.408688
1549 0.408293
1550 0.408989
1551 0.407684
1552 0.407351
1553 0.409375
1554 0.409375
1555 0.412616
1556 0.413811
1557 0.414288
1558 0.416814
1559 0.410064
1560 0.401368
1561 0.400257
1562 0.403301
1563 0.400443
1564 0.398113
1565 0.393668
1566 0.391287
1567 0.392213
1568 0.392405
1569 0.391215
1570 0.390725
1571 0.391859
1572 0.392768
1573 0.393219
1574 0.390362
1575 0.392028
1576 0.392669
1577 0.395526
1578 0.393
1579 0.392359
1580 0.391718
1581 0.39329
1582 0.393985
1583 0.394348
1584 0.394348
1585 0.394681
1586 0.395969
1587 0.39756
1588 0.400417
1589 0.400417
1590 0.400109
1591 0.399468
1592 0.401636
1593 0.402727
1594 0.403523
1595 0.405471
1596 0.405471
1597 0.407715
1598 0.409239
1599 0.41107
1600 0.410066
1601 0.409063
1602 0.408755
1603 0.408322
1604 0.409179
1605 0.410484
1606 0.410484
1607 0.408817
1608 0.405434
1609 0.410244
1610 0.418244
1611 0.416578
1612 0.41427
1613 0.41546
1614 0.417013
1615 0.420981
1616 0.422534
1617 0.423292
1618 0.423599
1619 0.423962
1620 0.425793
1621 0.424356
1622 0.422356
1623 0.423645
1624 0.423909
1625 0.421909
1626 0.421268
1627 0.420078
1628 0.421169
1629 0.42181
1630 0.42126
1631 0.420157
1632 0.419795
1633 0.419099
1634 0.418095
1635 0.416659
1636 0.415655
1637 0.415655
1638 0.414465
1639 0.414827
1640 0.414278
1641 0.414586
1642 0.411745
1643 0.411349
1644 0.412353
1645 0.411595
1646 0.409479
1647 0.40819
1648 0.406074
1649 0.402691
1650 0.404522
1651 0.402636
1652 0.402944
1653 0.402549
1654 0.402882
1655 0.401215
1656 0.40052
1657 0.40171
1658 0.40171
1659 0.40474
1660 0.405831
1661 0.408024
1662 0.411443
1663 0.404443
1664 0.395747
1665 0.39675
1666 0.397528
1667 0.39558
1668 0.394723
1669 0.39191
1670 0.389529
1671 0.390324
1672 0.390658
1673 0.390295
1674 0.390295
1675 0.390991
1676 0.393299
1677 0.392108
1678 0.39016
1679 0.391827
1680 0.394208
1681 0.396835
1682 0.396194
1683 0.395886
1684 0.395886
1685 0.39699
1686 0.398388
1687 0.397993
1688 0.398355
1689 0.398355
1690 0.399908
1691 0.400999
1692 0.404273
1693 0.403911
1694 0.402622
1695 0.401981
1696 0.403665
1697 0.405348
1698 0.405633
1699 0.407581
1700 0.406753
1701 0.410471
1702 0.411994
1703 0.412822
1704 0.412489
1705 0.411848
1706 0.411848
1707 0.411415
1708 0.411965
1709 0.411965
1710 0.412398
1711 0.410567
1712 0.407456
1713 0.412372
1714 0.421068
1715 0.419237
1716 0.417456
1717 0.418006
1718 0.419954
1719 0.425182
1720 0.426735
1721 0.428567
1722 0.428567
1723 0.428929
1724 0.430217
1725 0.428664
1726 0.426664
1727 0.427522
1728 0.428712
1729 0.426712
1730 0.42488
1731 0.424052
1732 0.425451
1733 0.426092
1734 0.425066
1735 0.423733
1736 0.423338
1737 0.422642
1738 0.421946
1739 0.420147
1740 0.418595
1741 0.418199
1742 0.417371
1743 0.41673
1744 0.416466
1745 0.417107
1746 0.414682
1747 0.413925
1748 0.413925
1749 0.41353
1750 0.412526
1751 0.410695
1752 0.408067
1753 0.405951
1754 0.407042
1755 0.406016
1756 0.406016
1757 0.406016
1758 0.406657
1759 0.4059
1760 0.404376
1761 0.405204
1762 0.404347
1763 0.407188
1764 0.407188
1765 0.409019
1766 0.412437
1767 0.406078
1768 0.396987
1769 0.396987
1770 0.398292
1771 0.395911
1772 0.39472
1773 0.391907
1774 0.390354
1775 0.391545
1776 0.391237
1777 0.39157
1778 0.390929
1779 0.392453
1780 0.394761
1781 0.393208
1782 0.391809
1783 0.392172
1784 0.394596
1785 0.397453
1786 0.396165
1787 0.396165
1788 0.395857
1789 0.396961
1790 0.398909
1791 0.398909
1792 0.398909
1793 0.39955
1794 0.401102
1795 0.40186
1796 0.404717
1797 0.404717
1798 0.404432
1799 0.403737
1800 0.405135
1801 0.406534
1802 0.40733
1803 0.408618
1804 0.408618
1805 0.411042
1806 0.412566
1807 0.414001
1808 0.41336
1809 0.412719
1810 0.412412
1811 0.411979
1812 0.411979
1813 0.412412
1814 0.41324
1815 0.411804
1816 0.408386
1817 0.413504
1818 0.422199
1819 0.419784
1820 0.417476
1821 0.418333
1822 0.419886
1823 0.423528
1824 0.425476
1825 0.426666
1826 0.426974
1827 0.427336
1828 0.428735
1829 0.426354
1830 0.424687
1831 0.42624
1832 0.426548
1833 0.425544
1834 0.425149
1835 0.424321
1836 0.426437
1837 0.427133
1838 0.426107
1839 0.42525
1840 0.42525
1841 0.424555
1842 0.423859
1843 0.422422
1844 0.421727
1845 0.421331
1846 0.420503
1847 0.42017
1848 0.419905
1849 0.420601
1850 0.417962
1851 0.417962
1852 0.418603
1853 0.418603
1854 0.417512
1855 0.416113
1856 0.413997
1857 0.410878
1858 0.412709
1859 0.411914
1860 0.412221
1861 0.41113
1862 0.412321
1863 0.41113
1864 0.40994
1865 0.410373
1866 0.409823
1867 0.412463
1868 0.412463
1869 0.414293
1870 0.417712
1871 0.411045
1872 0.40235
1873 0.402826
1874 0.403735
1875 0.401354
1876 0.400497
1877 0.397862
1878 0.395667
1879 0.396217
1880 0.395576
1881 0.395214
1882 0.394621
1883 0.396452
1884 0.397757
1885 0.397061
1886 0.395871
1887 0.395871
1888 0.398295
1889 0.401152
1890 0.400061
1891 0.400061
1892 0.399469
1893 0.400572
1894 0.402096
1895 0.402096
1896 0.402096
1897 0.402429
1898 0.403982
1899 0.404377
1900 0.407449
1901 0.406692
1902 0.406051
1903 0.405689
1904 0.406779
1905 0.408178
1906 0.408463
1907 0.410146
1908 0.409318
1909 0.411945
1910 0.413469
1911 0.41456
1912 0.414227
1913 0.413586
1914 0.412945
1915 0.412512
1916 0.412512
1917 0.412945
1918 0.41334
1919 0.411905
1920 0.408794
1921 0.413912
1922 0.422608
1923 0.421303
1924 0.418995
1925 0.419853
1926 0.421801
1927 0.426266
1928 0.428065
1929 0.429897
1930 0.430538
1931 0.4309
1932 0.432584
1933 0.430203
1934 0.428536
1935 0.428536
1936 0.428899
1937 0.427126
1938 0.426368
1939 0.425064
1940 0.425397
1941 0.425397
1942 0.424887
1943 0.424579
1944 0.424146
1945 0.42345
1946 0.422755
1947 0.421318
1948 0.420622
1949 0.421055
1950 0.420227
1951 0.419586
1952 0.419301
1953 0.419301
1954 0.416877
1955 0.416119
1956 0.416119
1957 0.415724
1958 0.415362
1959 0.413838
1960 0.411457
1961 0.409509
1962 0.411033
1963 0.410237
1964 0.410545
1965 0.410149
1966 0.41134
1967 0.410149
1968 0.409058
1969 0.409491
1970 0.408634
1971 0.410878
1972 0.411273
1973 0.413104
1974 0.416523
1975 0.409856
1976 0.400765
1977 0.400765
1978 0.40207
1979 0.399689
1980 0.398498
1981 0.395863
1982 0.39418
1983 0.394729
1984 0.394088
1985 0.394421
1986 0.393418
1987 0.395586
1988 0.397253
1989 0.395224
1990 0.39489
1991 0.395586
1992 0.39778
1993 0.400088
1994 0.398997
1995 0.398997
1996 0.398689
1997 0.399793
1998 0.400884
1999 0.400056
